src/plugins/pihm_gis/RasterProcessing/FillPits/morgedem.asc
ncols         469
nrows         695
xllcorner     582412.50017446
yllcorner     116212.49968799
cellsize      25
NODATA_value  -9999
[rows 288 to 323 of 695, columns 243 to 323 of 469]
2110 2106 2103 2099 2098 2092 2094 2093 2092 2091 2092 2092 2087 2076 2066 2058 2050 2043 2034 2022 2014 2002 1994 1985 1976 1966 1956 1949 1938 1931 1920 1916 1914 1906 1902 1901 1897 1894 1886 1884 1880 1873 1867 1860 1855 1849 1843 1837 1831 1831 1829 1825 1822 1814 1801 1789 1777 1759 1755 1753 1750 1745 1739 1731 1724 1716 1709 1701 1692 1682 1673 1664 1655 1643 1630 1617 1614 1607 1599 1597 1587
2104 2102 2101 2099 2100 2097 2100 2096 2090 2086 2083 2083 2081 2072 2064 2056 2049 2043 2034 2023 2017 2007 1997 1983 1974 1966 1956 1947 1936 1929 1919 1916 1914 1906 1903 1902 1897 1888 1880 1878 1873 1867 1863 1858 1853 1848 1840 1830 1820 1821 1819 1817 1817 1807 1797 1785 1770 1756 1749 1747 1745 1741 1734 1726 1720 1712 1705 1697 1689 1680 1672 1663 1653 1643 1630 1618 1609 1599 1594 1592 1583
2097 2097 2097 2098 2099 2098 2101 2092 2086 2079 2075 2072 2072 2064 2062 2056 2048 2041 2034 2027 2022 2014 2000 1985 1975 1965 1956 1947 1935 1928 1918 1916 1914 1903 1902 1901 1897 1888 1881 1876 1871 1863 1861 1854 1849 1844 1835 1829 1820 1816 1810 1810 1807 1802 1792 1778 1766 1753 1741 1739 1738 1732 1726 1721 1714 1706 1699 1693 1686 1679 1669 1660 1651 1643 1634 1622 1610 1599 1592 1588 1579
2093 2095 2097 2100 2101 2096 2093 2087 2081 2077 2071 2066 2064 2060 2059 2053 2047 2041 2032 2025 2019 2011 2003 1990 1977 1965 1956 1949 1938 1932 1920 1914 1907 1899 1898 1897 1890 1883 1880 1872 1864 1857 1855 1848 1846 1843 1834 1827 1816 1809 1799 1798 1795 1792 1784 1774 1763 1751 1740 1734 1730 1727 1722 1715 1707 1699 1693 1687 1680 1671 1663 1655 1646 1639 1629 1621 1611 1603 1593 1584 1574
2086 2089 2091 2100 2100 2091 2086 2082 2077 2072 2065 2059 2057 2055 2053 2051 2048 2041 2032 2024 2018 2010 2003 1994 1981 1968 1958 1955 1946 1939 1927 1918 1910 1899 1896 1892 1882 1878 1875 1867 1861 1855 1853 1844 1842 1838 1830 1825 1814 1807 1797 1785 1787 1782 1777 1767 1759 1749 1739 1732 1723 1720 1715 1708 1700 1693 1686 1679 1672 1662 1656 1648 1640 1632 1624 1616 1608 1602 1591 1582 1571
2081 2084 2088 2093 2092 2087 2080 2074 2071 2068 2061 2057 2054 2050 2048 2049 2047 2043 2036 2027 2020 2010 2002 1992 1980 1970 1961 1960 1960 1945 1937 1923 1916 1904 1897 1892 1881 1877 1873 1866 1860 1851 1848 1841 1836 1828 1824 1819 1810 1804 1792 1778 1775 1771 1766 1759 1754 1747 1738 1721 1713 1710 1706 1701 1693 1685 1678 1670 1663 1654 1647 1640 1633 1624 1617 1608 1601 1596 1586 1581 1569
2079 2080 2081 2086 2085 2082 2076 2069 2067 2065 2059 2057 2057 2054 2052 2050 2049 2043 2035 2024 2017 2008 2000 1988 1979 1972 1963 1962 1959 1944 1940 1927 1921 1912 1900 1894 1882 1877 1871 1863 1858 1846 1844 1840 1830 1821 1815 1806 1800 1794 1787 1778 1765 1764 1757 1751 1747 1740 1730 1720 1709 1703 1697 1689 1682 1675 1667 1659 1653 1645 1638 1633 1625 1617 1609 1601 1594 1587 1579 1575 1568
2080 2080 2078 2077 2079 2077 2072 2068 2067 2067 2061 2060 2062 2064 2061 2054 2050 2042 2029 2019 2012 2004 1997 1988 1979 1969 1960 1955 1945 1939 1936 1926 1922 1921 1906 1898 1887 1879 1869 1858 1848 1837 1832 1826 1819 1814 1806 1800 1794 1784 1783 1774 1757 1754 1745 1740 1735 1729 1723 1713 1699 1692 1683 1677 1671 1664 1657 1649 1641 1636 1630 1626 1618 1609 1601 1594 1588 1581 1574 1570 1563
2081 2080 2078 2076 2076 2074 2071 2069 2069 2070 2069 2072 2074 2070 2062 2054 2049 2036 2024 2016 2010 2003 1996 1986 1977 1967 1958 1952 1941 1938 1932 1923 1919 1915 1904 1901 1888 1878 1868 1859 1846 1831 1819 1811 1804 1798 1794 1794 1782 1773 1770 1765 1755 1745 1734 1723 1718 1714 1711 1703 1694 1684 1674 1668 1662 1655 1647 1639 1633 1628 1622 1617 1608 1601 1594 1588 1583 1576 1570 1564 1556
2080 2080 2076 2074 2074 2072 2070 2068 2069 2070 2075 2082 2080 2067 2060 2049 2041 2031 2020 2013 2006 2000 1991 1982 1973 1963 1956 1952 1943 1940 1935 1925 1921 1908 1897 1886 1879 1869 1859 1849 1842 1830 1812 1797 1789 1784 1780 1780 1770 1759 1754 1758 1747 1745 1734 1720 1710 1700 1698 1693 1686 1678 1667 1659 1652 1647 1640 1633 1627 1620 1612 1605 1598 1592 1586 1581 1575 1569 1563 1557 1547
2068 2072 2070 2069 2070 2069 2068 2068 2070 2073 2079 2081 2072 2062 2054 2043 2034 2025 2016 2008 2000 1994 1986 1979 1970 1960 1955 1953 1946 1944 1938 1922 1913 1899 1887 1877 1866 1859 1847 1838 1829 1822 1810 1795 1779 1773 1767 1765 1759 1748 1740 1745 1742 1741 1730 1720 1704 1693 1684 1685 1681 1671 1660 1651 1643 1638 1632 1627 1620 1612 1603 1594 1589 1582 1577 1571 1568 1563 1556 1549 1540
2058 2063 2064 2059 2060 2062 2063 2067 2070 2072 2073 2073 2065 2056 2047 2037 2027 2018 2011 2003 1996 1989 1982 1974 1967 1958 1954 1952 1946 1945 1938 1923 1910 1894 1880 1869 1857 1846 1837 1827 1817 1810 1802 1790 1777 1765 1756 1749 1743 1740 1730 1735 1733 1730 1720 1711 1701 1686 1675 1671 1671 1664 1654 1642 1634 1626 1624 1620 1612 1604 1594 1584 1578 1571 1564 1559 1559 1554 1547 1542 1537
2046 2048 2051 2049 2049 2051 2058 2064 2070 2071 2067 2059 2054 2049 2041 2030 2019 2011 2004 1996 1989 1981 1975 1968 1964 1957 1953 1950 1946 1944 1936 1924 1910 1893 1878 1867 1853 1839 1830 1819 1806 1798 1789 1779 1767 1759 1748 1738 1731 1726 1718 1721 1724 1721 1712 1700 1691 1683 1668 1658 1660 1658 1648 1636 1623 1615 1609 1606 1602 1592 1582 1571 1564 1559 1554 1551 1548 1543 1537 1533 1529
2032 2031 2032 2035 2033 2036 2045 2064 2069 2062 2056 2049 2044 2041 2033 2024 2014 2006 1998 1991 1984 1976 1970 1963 1960 1952 1948 1946 1942 1939 1930 1923 1910 1893 1879 1867 1854 1838 1826 1813 1799 1790 1779 1769 1760 1749 1740 1729 1724 1716 1710 1705 1709 1709 1703 1693 1680 1675 1664 1655 1648 1645 1641 1630 1619 1605 1595 1588 1580 1573 1565 1556 1550 1547 1544 1542 1538 1533 1528 1524 1520
2014 2016 2014 2013 2015 2021 2030 2040 2052 2051 2044 2038 2032 2026 2021 2018 2008 1999 1991 1985 1980 1970 1962 1956 1950 1944 1942 1940 1936 1932 1924 1919 1908 1893 1879 1867 1855 1839 1825 1813 1798 1783 1774 1760 1753 1740 1730 1720 1714 1705 1699 1692 1692 1695 1695 1686 1677 1668 1658 1646 1637 1634 1628 1621 1612 1603 1587 1574 1566 1559 1551 1541 1536 1532 1530 1529 1527 1523 1519 1515 1510
1995 1997 1995 1995 1999 2005 2012 2019 2028 2041 2034 2027 2019 2014 2009 2004 2000 1993 1984 1977 1972 1964 1956 1949 1940 1937 1935 1932 1929 1923 1918 1912 1905 1894 1880 1868 1858 1841 1827 1817 1802 1790 1776 1758 1744 1733 1721 1713 1703 1697 1684 1679 1679 1682 1684 1680 1672 1664 1654 1642 1631 1625 1617 1613 1604 1595 1583 1568 1556 1548 1539 1530 1523 1518 1517 1518 1518 1513 1509 1505 1500
1983 1979 1980 1981 1985 1991 1996 2001 2005 2007 2012 2010 2007 2005 2000 1996 1993 1985 1978 1970 1965 1958 1949 1943 1936 1934 1931 1927 1923 1916 1912 1905 1899 1889 1881 1869 1859 1845 1834 1822 1808 1795 1783 1766 1751 1734 1719 1708 1696 1684 1673 1663 1661 1665 1669 1667 1664 1658 1647 1636 1626 1623 1613 1606 1596 1588 1576 1563 1549 1538 1529 1521 1514 1508 1506 1505 1505 1503 1500 1497 1493
1980 1975 1973 1967 1971 1976 1981 1985 1990 1993 1995 1997 1999 2001 1999 1993 1990 1980 1973 1962 1957 1950 1941 1939 1933 1930 1926 1920 1916 1909 1904 1896 1890 1883 1874 1863 1851 1837 1826 1817 1803 1790 1780 1766 1753 1738 1723 1710 1696 1684 1669 1655 1639 1641 1652 1654 1654 1648 1642 1631 1618 1612 1606 1601 1591 1580 1567 1554 1541 1530 1522 1514 1505 1498 1495 1494 1492 1491 1488 1488 1486
1977 1969 1962 1957 1957 1960 1966 1972 1977 1982 1986 1990 1993 1996 2001 1995 1986 1974 1965 1955 1950 1942 1936 1933 1928 1926 1920 1914 1909 1902 1895 1887 1879 1872 1863 1854 1841 1829 1818 1807 1795 1782 1772 1763 1751 1738 1723 1710 1698 1687 1672 1659 1645 1617 1626 1641 1643 1641 1635 1624 1612 1599 1596 1590 1583 1568 1555 1544 1531 1519 1512 1505 1497 1492 1486 1484 1482 1479 1479 1480 1480
1971 1967 1961 1951 1943 1941 1951 1958 1964 1969 1976 1982 1985 1987 1993 1987 1983 1974 1964 1953 1945 1937 1931 1929 1925 1921 1914 1907 1900 1892 1884 1878 1869 1859 1850 1840 1830 1819 1808 1797 1787 1774 1762 1752 1742 1729 1718 1705 1691 1683 1670 1661 1648 1626 1596 1620 1627 1627 1624 1619 1606 1593 1585 1578 1571 1558 1542 1532 1520 1510 1504 1497 1488 1482 1477 1475 1473 1471 1471 1472 1472
1969 1965 1957 1947 1939 1935 1940 1945 1950 1955 1962 1970 1976 1979 1982 1984 1982 1973 1964 1951 1941 1932 1926 1923 1919 1914 1906 1898 1888 1879 1872 1866 1859 1848 1838 1828 1818 1808 1797 1787 1776 1763 1751 1739 1729 1719 1710 1699 1680 1667 1661 1654 1643 1627 1586 1600 1612 1612 1610 1606 1600 1588 1577 1569 1561 1549 1535 1522 1511 1500 1491 1484 1479 1475 1470 1468 1465 1465 1467 1467 1467
1965 1960 1952 1943 1936 1930 1926 1932 1938 1941 1949 1959 1965 1968 1970 1976 1974 1964 1959 1947 1936 1925 1918 1914 1911 1904 1897 1887 1878 1868 1859 1853 1845 1837 1827 1817 1808 1797 1788 1776 1763 1752 1740 1728 1716 1709 1698 1682 1667 1650 1636 1633 1628 1611 1583 1559 1594 1599 1597 1594 1589 1580 1568 1558 1549 1540 1527 1514 1504 1490 1478 1472 1468 1466 1461 1459 1458 1459 1461 1462 1461
1959 1954 1948 1940 1930 1921 1915 1916 1922 1928 1938 1948 1952 1951 1956 1960 1962 1959 1952 1941 1930 1919 1912 1907 1904 1895 1887 1877 1867 1857 1848 1840 1833 1825 1817 1807 1796 1784 1774 1763 1752 1742 1727 1715 1704 1695 1682 1669 1655 1643 1628 1612 1602 1589 1574 1549 1559 1580 1579 1579 1577 1569 1559 1548 1538 1530 1520 1503 1494 1483 1473 1467 1461 1460 1455 1453 1451 1450 1454 1454 1452
1957 1951 1945 1936 1926 1918 1910 1903 1908 1915 1922 1936 1935 1931 1936 1944 1947 1949 1943 1935 1924 1914 1904 1898 1892 1882 1874 1864 1855 1847 1837 1828 1821 1814 1803 1793 1778 1766 1757 1749 1738 1721 1710 1699 1691 1680 1669 1658 1645 1632 1620 1602 1587 1572 1557 1543 1518 1554 1563 1563 1564 1559 1550 1539 1530 1521 1511 1498 1489 1480 1467 1459 1455 1451 1448 1446 1445 1444 1447 1448 1447
1955 1948 1942 1932 1923 1910 1899 1893 1893 1898 1907 1916 1919 1913 1913 1923 1926 1935 1933 1926 1918 1909 1897 1889 1879 1868 1859 1850 1840 1834 1826 1816 1809 1802 1791 1778 1763 1748 1734 1720 1711 1702 1693 1687 1678 1668 1656 1644 1632 1619 1608 1591 1575 1559 1537 1523 1510 1518 1540 1546 1549 1547 1543 1533 1521 1513 1503 1493 1484 1474 1463 1454 1446 1440 1439 1439 1438 1438 1440 1442 1442
1948 1941 1934 1925 1915 1904 1891 1881 1878 1879 1886 1892 1891 1889 1887 1889 1889 1894 1915 1918 1911 1901 1889 1877 1861 1851 1844 1835 1824 1816 1808 1801 1794 1785 1774 1763 1751 1737 1723 1711 1699 1688 1680 1669 1660 1647 1638 1622 1612 1601 1586 1569 1555 1543 1526 1511 1498 1493 1517 1528 1532 1532 1530 1524 1517 1507 1497 1487 1479 1469 1458 1448 1441 1435 1431 1430 1429 1428 1430 1433 1432
1938 1929 1924 1916 1904 1892 1880 1872 1866 1864 1869 1873 1872 1868 1866 1864 1862 1861 1861 1864 1894 1888 1873 1848 1836 1830 1820 1800 1796 1778 1773 1768 1758 1754 1753 1745 1736 1725 1715 1707 1692 1678 1671 1658 1650 1636 1620 1606 1594 1579 1564 1552 1539 1527 1516 1501 1493 1482 1493 1499 1513 1515 1515 1513 1506 1501 1493 1482 1474 1467 1456 1443 1437 1431 1424 1423 1422 1421 1424 1427 1427
1920 1920 1915 1905 1894 1880 1869 1860 1856 1849 1853 1855 1853 1851 1848 1845 1843 1842 1843 1843 1842 1838 1820 1811 1807 1798 1788 1779 1772 1765 1757 1746 1735 1733 1730 1725 1718 1711 1704 1703 1695 1683 1675 1661 1650 1635 1618 1604 1589 1574 1557 1546 1533 1518 1507 1495 1483 1477 1475 1482 1489 1495 1501 1503 1500 1493 1484 1476 1469 1464 1452 1439 1431 1424 1419 1416 1415 1415 1417 1419 1420
1917 1913 1904 1897 1886 1875 1861 1854 1846 1840 1840 1840 1839 1836 1833 1830 1827 1826 1827 1828 1825 1813 1803 1796 1789 1783 1774 1765 1758 1751 1743 1731 1720 1712 1707 1705 1701 1694 1690 1690 1686 1683 1680 1665 1650 1635 1620 1609 1595 1580 1562 1553 1538 1521 1509 1496 1480 1475 1462 1465 1471 1474 1477 1484 1483 1482 1479 1471 1461 1456 1446 1437 1427 1420 1415 1410 1409 1409 1409 1411 1412
1916 1906 1897 1890 1880 1871 1859 1852 1844 1838 1832 1821 1823 1820 1817 1814 1810 1810 1811 1812 1811 1800 1788 1779 1773 1765 1758 1750 1741 1735 1726 1715 1704 1696 1688 1685 1682 1677 1674 1673 1673 1673 1673 1663 1652 1636 1622 1610 1597 1583 1569 1560 1544 1528 1516 1501 1485 1472 1458 1455 1453 1456 1458 1461 1464 1466 1466 1465 1459 1452 1442 1432 1424 1417 1412 1403 1402 1403 1403 1404 1406
1914 1902 1892 1883 1875 1868 1858 1852 1842 1833 1824 1817 1805 1804 1803 1799 1796 1795 1796 1799 1801 1789 1775 1765 1757 1749 1744 1736 1729 1722 1712 1701 1689 1680 1671 1668 1666 1663 1660 1658 1658 1659 1662 1661 1652 1641 1625 1610 1593 1579 1562 1552 1539 1522 1513 1502 1486 1475 1461 1447 1439 1438 1441 1445 1447 1450 1452 1455 1448 1443 1436 1427 1419 1412 1405 1399 1396 1396 1397 1398 1400
1915 1903 1892 1883 1873 1865 1854 1848 1838 1832 1823 1812 1799 1797 1784 1785 1783 1781 1780 1780 1786 1782 1769 1755 1742 1736 1727 1721 1714 1707 1698 1685 1674 1664 1657 1653 1650 1647 1643 1642 1642 1642 1649 1652 1642 1637 1623 1610 1593 1577 1559 1544 1532 1517 1504 1495 1480 1470 1459 1447 1438 1434 1426 1431 1435 1435 1438 1440 1442 1439 1431 1421 1414 1408 1402 1397 1392 1389 1391 1391 1392
1916 1906 1894 1884 1873 1862 1852 1846 1837 1831 1822 1814 1802 1789 1778 1776 1771 1770 1768 1769 1775 1771 1763 1750 1735 1725 1716 1703 1696 1685 1677 1668 1660 1650 1642 1636 1632 1629 1627 1628 1630 1630 1637 1641 1634 1624 1614 1602 1590 1580 1563 1548 1533 1516 1503 1494 1478 1468 1458 1450 1440 1427 1417 1419 1421 1420 1422 1424 1426 1425 1421 1415 1411 1406 1399 1391 1383 1380 1383 1385 1386
1920 1907 1895 1883 1872 1862 1852 1845 1836 1830 1822 1813 1801 1788 1774 1762 1760 1760 1758 1760 1763 1763 1759 1748 1737 1722 1709 1694 1680 1675 1662 1656 1644 1637 1629 1622 1617 1613 1612 1613 1614 1614 1620 1625 1622 1613 1602 1592 1580 1573 1562 1552 1541 1523 1515 1501 1487 1475 1464 1453 1439 1424 1416 1415 1403 1406 1408 1410 1412 1413 1405 1404 1403 1400 1394 1387 1379 1374 1378 1381 1382
1926 1915 1901 1887 1873 1863 1853 1845 1836 1831 1823 1813 1799 1786 1772 1761 1756 1751 1749 1751 1752 1751 1748 1742 1739 1725 1710 1695 1678 1669 1655 1645 1636 1631 1622 1615 1606 1600 1598 1597 1597 1597 1604 1609 1607 1600 1593 1582 1571 1562 1554 1545 1542 1532 1521 1507 1497 1482 1472 1460 1447 1438 1420 1405 1397 1390 1391 1394 1397 1399 1392 1388 1390 1390 1387 1383 1374 1360 1362 1370 1376
1931 1918 1908 1894 1878 1869 1856 1845 1835 1829 1819 1811 1799 1785 1772 1760 1754 1743 1743 1742 1741 1742 1739 1735 1731 1725 1715 1701 1684 1671 1657 1647 1635 1627 1617 1610 1600 1596 1589 1585 1584 1584 1591 1594 1593 1586 1583 1574 1561 1551 1542 1535 1531 1524 1522 1511 1502 1492 1481 1472 1463 1451 1439 1421 1397 1380 1378 1379 1381 1383 1381 1374 1373 1379 1382 1380 1364 1355 1354 1361 1368
