src/plugins/pihm_gis/RasterProcessing/FillPits/morgedem.asc
ncols         469
nrows         695
xllcorner     582412.50017446
yllcorner     116212.49968799
cellsize      25
NODATA_value  -9999
[rows 72 to 107 of 695, columns 324 to 404 of 469]
2741 2743 2741 2733 2730 2724 2716 2709 2708 2707 2704 2701 2697 2694 2692 2690 2684 2678 2666 2652 2637 2627 2616 2606 2599 2592 2589 2587 2584 2583 2585 2582 2568 2559 2539 2537 2538 2536 2540 2542 2542 2540 2527 2518 2513 2506 2502 2498 2496 2492 2491 2488 2488 2489 2490 2492 2493 2497 2499 2499 2500 2499 2497 2496 2499 2499 2498 2499 2498 2498 2498 2498 2498 2499 2499 2502 2506 2510 2513 2517 2519
2721 2723 2733 2722 2724 2722 2716 2710 2710 2710 2706 2701 2693 2692 2690 2685 2675 2663 2650 2636 2626 2615 2603 2598 2595 2591 2588 2586 2583 2582 2583 2579 2568 2564 2540 2537 2536 2528 2531 2533 2534 2534 2526 2520 2513 2503 2498 2495 2493 2491 2489 2487 2487 2487 2488 2489 2491 2494 2499 2501 2500 2498 2497 2495 2497 2497 2495 2498 2497 2497 2497 2498 2498 2500 2502 2506 2512 2517 2520 2522 2524
2703 2705 2705 2707 2711 2715 2713 2710 2709 2706 2699 2691 2682 2680 2673 2666 2657 2646 2635 2625 2615 2604 2597 2596 2593 2590 2587 2584 2583 2581 2582 2579 2570 2565 2558 2538 2533 2522 2521 2520 2519 2520 2522 2523 2515 2499 2494 2492 2492 2490 2488 2486 2487 2487 2487 2488 2490 2490 2490 2489 2491 2491 2492 2492 2493 2493 2491 2496 2497 2497 2497 2498 2500 2503 2507 2512 2517 2521 2524 2526 2528
2686 2688 2689 2690 2694 2698 2706 2711 2702 2695 2684 2676 2671 2664 2658 2650 2641 2632 2623 2614 2604 2598 2596 2597 2590 2588 2584 2580 2580 2579 2578 2573 2566 2564 2555 2541 2528 2518 2516 2516 2511 2505 2512 2518 2512 2498 2493 2492 2491 2490 2488 2485 2486 2486 2486 2487 2489 2490 2490 2490 2490 2490 2491 2491 2491 2490 2490 2495 2498 2500 2500 2500 2503 2507 2511 2516 2521 2524 2526 2528 2530
2671 2672 2673 2674 2678 2682 2688 2695 2689 2682 2674 2666 2658 2651 2644 2637 2630 2622 2611 2602 2598 2597 2600 2600 2595 2590 2584 2580 2579 2576 2573 2569 2563 2561 2553 2545 2533 2518 2513 2508 2502 2499 2498 2501 2502 2500 2497 2494 2492 2490 2487 2484 2485 2485 2486 2487 2490 2490 2490 2490 2489 2490 2490 2490 2490 2489 2493 2498 2501 2503 2504 2507 2510 2513 2516 2520 2524 2525 2526 2529 2533
2655 2655 2655 2657 2660 2667 2675 2681 2680 2671 2663 2654 2646 2639 2632 2627 2623 2613 2602 2598 2597 2599 2600 2600 2597 2592 2584 2580 2578 2575 2569 2565 2561 2560 2552 2546 2539 2523 2516 2507 2500 2498 2494 2496 2500 2501 2498 2492 2493 2490 2487 2483 2483 2483 2483 2485 2488 2490 2490 2489 2488 2488 2489 2489 2489 2491 2496 2500 2504 2507 2509 2512 2515 2518 2521 2525 2527 2527 2528 2532 2536
2640 2639 2638 2640 2645 2651 2659 2664 2663 2658 2650 2642 2634 2628 2619 2615 2611 2604 2598 2597 2596 2597 2599 2598 2589 2586 2581 2580 2577 2572 2564 2560 2559 2556 2548 2545 2540 2527 2519 2509 2501 2496 2490 2490 2489 2491 2491 2488 2489 2489 2482 2480 2480 2481 2481 2485 2487 2489 2489 2489 2489 2488 2489 2490 2492 2497 2502 2505 2508 2512 2515 2518 2520 2523 2526 2531 2532 2533 2534 2535 2536
2628 2626 2627 2629 2632 2636 2640 2645 2646 2642 2637 2630 2625 2619 2609 2605 2605 2600 2597 2598 2598 2599 2595 2593 2585 2581 2579 2577 2569 2562 2559 2557 2557 2555 2546 2544 2540 2530 2522 2514 2503 2496 2487 2484 2481 2479 2480 2481 2482 2482 2480 2479 2479 2480 2480 2485 2489 2490 2494 2494 2490 2490 2490 2492 2495 2499 2505 2508 2512 2517 2521 2524 2527 2530 2533 2537 2539 2541 2541 2540 2539
2617 2614 2614 2615 2617 2620 2624 2627 2629 2627 2622 2618 2614 2605 2598 2597 2599 2599 2600 2601 2601 2600 2598 2596 2592 2587 2581 2579 2573 2566 2560 2557 2556 2554 2546 2544 2540 2530 2523 2513 2502 2496 2485 2482 2481 2477 2477 2478 2478 2478 2478 2478 2478 2479 2479 2483 2490 2494 2500 2500 2497 2494 2495 2497 2501 2505 2511 2514 2518 2522 2526 2530 2534 2537 2541 2544 2545 2547 2547 2547 2545
2608 2603 2602 2601 2603 2606 2610 2611 2613 2612 2609 2607 2603 2599 2596 2594 2597 2600 2601 2602 2602 2600 2598 2596 2593 2588 2583 2581 2577 2570 2562 2559 2556 2553 2547 2544 2540 2531 2525 2513 2498 2487 2480 2479 2478 2475 2475 2476 2476 2477 2476 2478 2478 2479 2479 2484 2490 2491 2498 2498 2495 2495 2498 2502 2508 2513 2518 2522 2526 2529 2533 2537 2541 2545 2548 2550 2552 2552 2553 2553 2552
2600 2596 2595 2592 2591 2594 2596 2598 2599 2601 2601 2601 2598 2595 2591 2590 2593 2600 2603 2604 2602 2600 2596 2595 2592 2586 2582 2580 2576 2570 2563 2559 2556 2553 2546 2543 2539 2531 2525 2514 2499 2487 2480 2478 2476 2474 2474 2475 2475 2475 2475 2478 2478 2479 2479 2484 2491 2491 2497 2497 2497 2499 2502 2510 2517 2521 2525 2531 2535 2537 2540 2545 2551 2555 2558 2559 2559 2560 2560 2561 2560
2597 2592 2588 2583 2580 2581 2583 2585 2586 2588 2592 2593 2592 2591 2588 2589 2593 2600 2605 2606 2604 2600 2598 2595 2593 2586 2582 2579 2576 2569 2563 2560 2556 2553 2546 2543 2538 2530 2525 2514 2499 2487 2480 2477 2475 2472 2472 2473 2473 2473 2472 2477 2477 2478 2478 2481 2488 2490 2492 2497 2501 2504 2510 2519 2524 2528 2534 2541 2545 2547 2552 2559 2562 2564 2567 2568 2568 2570 2571 2571 2568
2591 2587 2584 2579 2576 2572 2571 2573 2576 2579 2583 2585 2585 2582 2581 2589 2592 2599 2605 2606 2604 2600 2596 2594 2593 2584 2582 2580 2576 2569 2564 2560 2557 2554 2547 2544 2540 2530 2522 2512 2501 2489 2479 2474 2471 2470 2470 2471 2471 2471 2470 2473 2475 2476 2477 2481 2487 2490 2496 2501 2504 2509 2514 2522 2527 2531 2540 2546 2553 2557 2560 2565 2568 2571 2576 2578 2579 2580 2581 2581 2578
2587 2585 2582 2575 2568 2560 2559 2560 2565 2568 2572 2575 2573 2578 2579 2585 2590 2596 2605 2608 2605 2599 2596 2593 2590 2581 2580 2578 2574 2567 2563 2561 2558 2554 2548 2544 2540 2532 2525 2517 2507 2495 2477 2471 2470 2470 2470 2470 2470 2470 2470 2473 2475 2476 2477 2481 2488 2492 2499 2503 2507 2511 2516 2523 2529 2534 2545 2554 2562 2566 2569 2573 2575 2578 2582 2586 2587 2587 2585 2585 2582
2582 2579 2576 2569 2564 2558 2555 2554 2558 2560 2562 2564 2562 2575 2577 2583 2592 2599 2617 2618 2613 2604 2597 2592 2585 2578 2577 2576 2572 2564 2561 2560 2556 2553 2546 2543 2539 2531 2525 2517 2506 2495 2480 2474 2470 2470 2470 2470 2470 2470 2470 2472 2474 2476 2477 2482 2490 2496 2502 2505 2509 2514 2519 2526 2531 2536 2549 2559 2568 2572 2575 2577 2580 2584 2589 2591 2591 2591 2589 2588 2586
2576 2573 2571 2566 2562 2557 2552 2547 2549 2552 2556 2557 2559 2569 2578 2588 2595 2614 2623 2622 2620 2613 2603 2596 2587 2577 2575 2574 2570 2562 2560 2559 2556 2553 2547 2544 2540 2532 2525 2516 2504 2494 2484 2477 2472 2470 2470 2470 2470 2470 2470 2473 2475 2476 2478 2484 2492 2498 2504 2508 2513 2518 2523 2529 2533 2538 2554 2566 2575 2580 2583 2584 2587 2589 2591 2591 2591 2593 2590 2590 2587
2570 2567 2569 2567 2562 2554 2545 2540 2541 2543 2551 2554 2559 2574 2584 2593 2605 2623 2626 2625 2622 2619 2614 2603 2597 2584 2577 2573 2565 2559 2558 2557 2554 2551 2545 2543 2540 2531 2523 2513 2503 2493 2485 2480 2477 2470 2470 2470 2470 2470 2470 2474 2476 2477 2479 2487 2494 2501 2506 2511 2516 2522 2527 2534 2540 2552 2563 2576 2583 2587 2588 2589 2590 2591 2592 2592 2592 2596 2594 2590 2589
2560 2559 2562 2562 2559 2550 2543 2538 2538 2539 2547 2554 2563 2576 2587 2599 2620 2624 2624 2624 2623 2623 2621 2615 2604 2596 2584 2577 2570 2559 2556 2556 2554 2550 2544 2542 2538 2529 2522 2511 2501 2490 2486 2485 2479 2473 2470 2470 2470 2470 2472 2476 2477 2479 2483 2490 2497 2504 2510 2515 2521 2526 2532 2541 2552 2565 2571 2582 2590 2591 2592 2592 2592 2593 2593 2593 2593 2598 2597 2591 2591
2553 2552 2555 2555 2549 2543 2540 2537 2537 2539 2549 2558 2569 2582 2593 2616 2625 2626 2625 2625 2624 2624 2623 2621 2612 2603 2594 2582 2575 2563 2556 2556 2554 2550 2544 2541 2536 2527 2521 2509 2500 2491 2490 2491 2480 2476 2474 2472 2472 2474 2476 2479 2480 2483 2488 2494 2502 2509 2515 2520 2526 2532 2537 2546 2555 2566 2572 2579 2587 2590 2592 2594 2594 2594 2596 2597 2599 2600 2600 2595 2593
2546 2546 2548 2546 2542 2538 2538 2535 2536 2541 2555 2565 2576 2589 2602 2617 2625 2627 2625 2625 2624 2624 2622 2622 2619 2609 2602 2590 2581 2571 2559 2556 2553 2547 2542 2539 2530 2524 2519 2506 2500 2494 2493 2492 2484 2479 2477 2475 2476 2478 2480 2481 2486 2491 2495 2501 2508 2515 2522 2528 2534 2540 2546 2554 2560 2571 2578 2582 2588 2589 2590 2592 2593 2593 2594 2595 2597 2600 2601 2597 2594
2539 2539 2540 2538 2534 2528 2535 2534 2537 2546 2562 2573 2586 2601 2616 2623 2630 2630 2626 2625 2622 2621 2620 2619 2617 2606 2603 2597 2587 2580 2568 2559 2554 2547 2540 2536 2525 2520 2514 2501 2498 2493 2493 2492 2487 2483 2481 2479 2481 2483 2486 2490 2493 2497 2503 2510 2517 2524 2532 2538 2545 2553 2559 2566 2572 2579 2583 2586 2587 2584 2580 2583 2590 2592 2593 2594 2595 2599 2601 2596 2593
2535 2529 2525 2523 2521 2519 2524 2532 2541 2555 2568 2579 2597 2620 2624 2633 2632 2630 2624 2623 2621 2620 2618 2616 2613 2602 2600 2592 2588 2585 2580 2565 2557 2544 2537 2530 2520 2513 2501 2498 2496 2493 2493 2493 2491 2488 2486 2485 2488 2490 2493 2495 2500 2506 2515 2521 2527 2536 2543 2553 2559 2564 2574 2578 2582 2588 2590 2591 2590 2587 2580 2579 2579 2583 2589 2591 2591 2594 2593 2590 2580
2525 2519 2518 2516 2516 2517 2525 2536 2548 2562 2575 2589 2610 2628 2634 2640 2638 2635 2628 2624 2620 2618 2614 2611 2607 2600 2598 2590 2587 2586 2583 2573 2564 2552 2538 2523 2516 2513 2509 2501 2499 2496 2496 2496 2495 2492 2490 2490 2493 2496 2499 2504 2511 2518 2526 2532 2539 2546 2553 2564 2569 2574 2583 2586 2591 2594 2594 2594 2592 2590 2584 2580 2579 2578 2579 2580 2586 2586 2582 2579 2569
2521 2513 2517 2515 2516 2519 2531 2542 2555 2569 2584 2599 2622 2630 2634 2638 2640 2639 2631 2625 2620 2617 2611 2608 2602 2599 2596 2589 2587 2586 2584 2576 2565 2555 2542 2529 2516 2513 2510 2503 2501 2499 2500 2500 2500 2499 2497 2497 2500 2503 2509 2516 2522 2529 2536 2544 2553 2556 2561 2570 2574 2578 2586 2590 2594 2596 2595 2594 2592 2590 2588 2582 2580 2579 2576 2576 2575 2573 2567 2562 2558
2509 2502 2515 2514 2517 2524 2538 2549 2562 2576 2592 2614 2631 2635 2638 2640 2640 2640 2635 2628 2622 2619 2612 2608 2604 2599 2596 2589 2588 2586 2583 2573 2564 2552 2540 2527 2519 2518 2517 2511 2507 2504 2505 2505 2506 2505 2504 2505 2510 2515 2520 2526 2533 2541 2551 2559 2566 2569 2573 2579 2583 2588 2591 2595 2597 2598 2597 2596 2594 2591 2590 2584 2582 2581 2576 2574 2569 2564 2557 2552 2547
2498 2498 2505 2512 2520 2531 2543 2558 2570 2583 2601 2640 2641 2639 2640 2640 2639 2638 2629 2626 2623 2621 2616 2609 2604 2599 2594 2589 2587 2584 2581 2571 2563 2550 2538 2529 2520 2519 2518 2514 2512 2510 2509 2510 2511 2511 2512 2514 2519 2524 2531 2538 2547 2560 2568 2572 2577 2581 2586 2589 2592 2595 2597 2600 2600 2600 2600 2599 2596 2592 2587 2580 2579 2580 2578 2573 2564 2557 2554 2549 2544
2495 2497 2504 2516 2526 2537 2550 2565 2579 2590 2608 2639 2649 2644 2640 2639 2638 2638 2627 2624 2622 2621 2616 2610 2607 2600 2595 2589 2586 2582 2577 2567 2560 2547 2537 2535 2526 2523 2521 2519 2517 2515 2514 2515 2516 2518 2520 2524 2529 2536 2542 2550 2559 2572 2581 2584 2589 2592 2597 2599 2600 2599 2600 2601 2601 2601 2601 2601 2599 2593 2585 2578 2574 2573 2568 2568 2561 2556 2552 2545 2538
2494 2498 2509 2521 2532 2543 2555 2570 2586 2598 2616 2640 2657 2656 2642 2637 2634 2633 2623 2621 2620 2616 2608 2606 2605 2601 2595 2589 2585 2580 2574 2565 2558 2547 2540 2538 2533 2530 2527 2525 2522 2520 2519 2520 2522 2526 2530 2534 2540 2545 2551 2560 2573 2583 2590 2598 2599 2599 2601 2602 2602 2601 2601 2602 2601 2601 2601 2601 2600 2596 2585 2578 2570 2566 2565 2564 2557 2552 2545 2537 2530
2496 2500 2515 2526 2539 2551 2563 2577 2592 2610 2638 2656 2663 2659 2651 2641 2636 2632 2622 2619 2617 2609 2604 2602 2602 2597 2592 2587 2585 2581 2574 2564 2553 2549 2545 2543 2541 2539 2536 2533 2530 2528 2526 2528 2531 2535 2539 2543 2547 2552 2562 2575 2585 2593 2597 2602 2604 2603 2603 2602 2600 2600 2600 2600 2601 2600 2601 2601 2596 2588 2580 2572 2561 2557 2556 2557 2550 2549 2544 2535 2524
2498 2506 2523 2535 2546 2558 2570 2587 2631 2651 2663 2667 2669 2663 2659 2648 2638 2632 2620 2617 2613 2602 2600 2599 2596 2590 2587 2584 2583 2580 2569 2560 2556 2552 2552 2551 2548 2545 2542 2539 2536 2534 2532 2534 2538 2542 2546 2550 2555 2564 2579 2587 2596 2601 2603 2607 2606 2606 2606 2604 2602 2601 2600 2600 2600 2600 2599 2596 2591 2585 2575 2564 2555 2549 2543 2540 2543 2545 2542 2530 2517
2496 2512 2527 2540 2552 2565 2580 2614 2664 2669 2674 2675 2674 2667 2663 2656 2642 2635 2621 2615 2604 2597 2596 2596 2588 2583 2581 2580 2577 2570 2562 2559 2556 2556 2557 2558 2552 2550 2547 2544 2541 2539 2538 2539 2544 2548 2554 2560 2569 2582 2589 2594 2601 2605 2609 2610 2609 2608 2608 2608 2608 2610 2610 2605 2600 2598 2596 2590 2590 2584 2575 2565 2554 2545 2538 2533 2534 2536 2531 2524 2516
2497 2513 2532 2546 2557 2571 2586 2643 2680 2680 2681 2681 2679 2672 2666 2660 2648 2641 2632 2621 2613 2597 2593 2591 2581 2578 2574 2572 2565 2560 2558 2560 2560 2561 2561 2562 2560 2558 2556 2553 2551 2547 2546 2549 2553 2558 2567 2573 2581 2590 2595 2600 2606 2609 2612 2612 2611 2610 2609 2609 2610 2610 2612 2612 2606 2600 2596 2590 2587 2582 2576 2569 2558 2542 2532 2526 2522 2519 2520 2517 2508
2500 2516 2533 2548 2562 2577 2593 2658 2680 2682 2685 2684 2682 2678 2670 2663 2653 2645 2641 2629 2623 2610 2593 2583 2576 2574 2567 2563 2557 2550 2549 2555 2560 2563 2564 2566 2565 2563 2562 2560 2558 2555 2554 2556 2561 2570 2583 2588 2593 2599 2604 2609 2610 2613 2615 2615 2614 2613 2611 2610 2610 2610 2611 2612 2609 2602 2597 2591 2582 2578 2571 2567 2558 2540 2529 2522 2516 2511 2509 2507 2502
2504 2519 2534 2550 2565 2580 2602 2677 2682 2682 2684 2683 2682 2679 2671 2664 2655 2647 2643 2636 2628 2625 2607 2592 2575 2572 2562 2554 2550 2549 2552 2559 2561 2565 2566 2569 2570 2570 2569 2568 2567 2566 2566 2569 2573 2579 2591 2600 2605 2610 2614 2616 2617 2619 2620 2620 2619 2618 2616 2613 2610 2610 2612 2613 2611 2604 2597 2592 2581 2575 2568 2562 2551 2540 2527 2519 2511 2505 2500 2497 2495
2507 2520 2535 2551 2566 2581 2598 2672 2680 2680 2682 2681 2680 2673 2668 2663 2655 2645 2639 2630 2627 2627 2621 2605 2589 2574 2557 2549 2549 2552 2556 2560 2564 2567 2569 2572 2577 2577 2577 2578 2578 2578 2578 2582 2589 2598 2607 2614 2619 2621 2623 2624 2624 2625 2625 2624 2624 2621 2620 2619 2615 2614 2615 2613 2610 2602 2595 2591 2580 2573 2564 2557 2546 2535 2521 2513 2506 2500 2494 2492 2489
2511 2523 2536 2551 2566 2580 2605 2683 2681 2681 2681 2680 2678 2671 2665 2659 2648 2642 2637 2629 2626 2627 2622 2610 2604 2587 2564 2556 2553 2556 2560 2562 2567 2571 2575 2579 2584 2587 2588 2589 2589 2591 2594 2601 2612 2620 2624 2627 2629 2630 2631 2630 2630 2630 2630 2629 2628 2623 2622 2621 2619 2615 2614 2610 2603 2594 2588 2585 2578 2568 2558 2551 2542 2526 2514 2507 2502 2495 2489 2487 2482
