src/plugins/pihm_gis/RasterProcessing/FillPits/morgedem.asc
ncols         469
nrows         695
xllcorner     582412.50017446
yllcorner     116212.49968799
cellsize      25
NODATA_value  -9999
[rows 432 to 467 of 695, columns 162 to 242 of 469]
-9999 -9999 2042 2059 2056 2051 2043 2031 2019 2001 1987 1977 1968 1956 1945 1938 1927 1916 1909 1898 1884 1867 1851 1832 1814 1799 1784 1744 1709 1690 1668 1643 1624 1609 1598 1589 1583 1578 1568 1564 1550 1535 1524 1517 1512 1507 1503 1498 1489 1475 1459 1451 1445 1439 1433 1427 1421 1411 1404 1397 1390 1385 1379 1370 1364 1355 1350 1344 1331 1319 1307 1296 1287 1277 1268 1259 1253 1245 1238 1226 1214
-9999 -9999 2041 2060 2055 2049 2038 2027 2014 1997 1983 1974 1967 1957 1944 1933 1924 1914 1906 1893 1877 1860 1844 1826 1810 1792 1759 1717 1697 1672 1650 1632 1618 1602 1589 1578 1577 1571 1565 1563 1556 1540 1521 1512 1506 1501 1496 1492 1482 1466 1453 1444 1439 1432 1427 1421 1412 1401 1397 1390 1385 1381 1374 1367 1361 1353 1348 1344 1332 1319 1305 1293 1285 1275 1267 1259 1252 1245 1237 1226 1213
-9999 1997 2065 2060 2052 2042 2031 2021 2007 1993 1979 1971 1963 1952 1941 1929 1920 1910 1900 1885 1869 1852 1835 1819 1802 1749 1726 1703 1685 1666 1646 1626 1610 1596 1583 1573 1568 1562 1558 1554 1545 1538 1520 1510 1502 1495 1491 1488 1477 1461 1447 1436 1425 1424 1420 1413 1402 1395 1389 1384 1381 1375 1368 1362 1356 1349 1345 1340 1328 1316 1301 1291 1283 1273 1267 1258 1252 1245 1237 1227 1215
-9999 2032 2057 2054 2049 2037 2024 2011 2000 1989 1979 1971 1963 1949 1937 1925 1913 1904 1891 1877 1858 1840 1819 1785 1748 1724 1707 1692 1677 1660 1641 1622 1604 1590 1578 1567 1559 1553 1547 1542 1537 1529 1519 1504 1495 1487 1484 1482 1468 1454 1442 1427 1416 1413 1411 1407 1400 1388 1378 1375 1373 1365 1362 1357 1350 1343 1338 1332 1323 1311 1299 1290 1282 1273 1266 1258 1250 1243 1234 1226 1216
-9999 2036 2053 2050 2043 2031 2016 2005 1996 1990 1981 1972 1962 1947 1931 1916 1898 1881 1874 1865 1840 1819 1777 1743 1724 1709 1694 1680 1666 1652 1635 1616 1598 1584 1571 1560 1552 1544 1537 1533 1528 1520 1510 1502 1487 1475 1474 1471 1460 1446 1432 1420 1411 1405 1404 1399 1392 1381 1373 1369 1365 1358 1354 1350 1344 1338 1331 1323 1317 1306 1297 1289 1280 1271 1265 1258 1249 1241 1230 1223 1212
-9999 2037 2046 2043 2035 2023 2013 2003 1994 1989 1981 1972 1960 1945 1925 1908 1889 1868 1840 1823 1798 1776 1747 1727 1710 1696 1682 1669 1657 1644 1628 1610 1593 1580 1566 1555 1547 1539 1532 1527 1520 1512 1502 1495 1482 1468 1465 1461 1454 1438 1421 1411 1403 1395 1386 1387 1383 1375 1368 1364 1359 1352 1348 1345 1339 1332 1324 1316 1312 1303 1294 1285 1276 1268 1262 1254 1246 1238 1225 1217 1207
-9999 2030 2042 2038 2029 2021 2010 2002 1994 1988 1980 1969 1956 1940 1918 1902 1880 1859 1829 1797 1778 1758 1737 1717 1699 1685 1671 1659 1648 1636 1622 1602 1588 1575 1560 1550 1543 1534 1527 1520 1512 1505 1496 1487 1476 1458 1461 1452 1444 1430 1415 1408 1401 1387 1378 1376 1371 1365 1362 1359 1351 1345 1342 1338 1332 1326 1318 1312 1307 1298 1289 1281 1271 1263 1257 1249 1242 1231 1219 1211 1202
-9999 2029 2034 2033 2028 2020 2009 2004 1996 1988 1977 1965 1948 1926 1908 1890 1870 1850 1815 1792 1770 1747 1726 1705 1690 1676 1662 1650 1639 1627 1613 1596 1582 1570 1558 1548 1542 1531 1522 1513 1505 1496 1485 1475 1466 1453 1445 1439 1425 1418 1408 1401 1391 1381 1375 1370 1362 1360 1356 1351 1341 1338 1336 1329 1326 1322 1316 1310 1305 1296 1288 1280 1267 1258 1251 1243 1236 1226 1215 1206 1197
-9999 2022 2027 2028 2021 2016 2010 2004 1995 1985 1974 1960 1936 1913 1896 1876 1854 1838 1822 1807 1775 1734 1715 1695 1683 1668 1653 1641 1630 1619 1605 1590 1576 1565 1554 1542 1535 1524 1516 1504 1495 1488 1479 1466 1456 1442 1431 1422 1412 1408 1400 1393 1384 1377 1372 1365 1358 1355 1352 1347 1340 1336 1333 1322 1322 1318 1312 1306 1302 1293 1285 1276 1261 1253 1246 1239 1231 1222 1212 1204 1195
2000 2017 2023 2023 2018 2014 2010 2001 1988 1980 1970 1950 1924 1902 1881 1860 1844 1830 1818 1803 1775 1724 1703 1687 1674 1660 1647 1634 1623 1611 1598 1584 1570 1558 1549 1540 1530 1518 1508 1497 1488 1480 1468 1457 1442 1432 1421 1416 1402 1402 1396 1391 1382 1375 1371 1362 1358 1355 1353 1348 1340 1335 1328 1320 1317 1313 1307 1303 1298 1288 1280 1267 1256 1248 1241 1233 1225 1217 1208 1200 1190
2007 2016 2021 2023 2009 1988 1935 1948 1959 1964 1959 1941 1918 1888 1863 1855 1836 1822 1813 1797 1781 1716 1688 1676 1664 1652 1639 1626 1614 1603 1591 1579 1563 1552 1546 1541 1529 1514 1503 1490 1480 1470 1457 1447 1435 1422 1414 1409 1399 1397 1392 1384 1378 1372 1367 1359 1355 1353 1351 1346 1339 1335 1330 1322 1317 1311 1302 1298 1292 1282 1275 1262 1253 1243 1236 1227 1221 1211 1203 1196 1185
2006 2010 2016 2010 1920 1875 1879 1877 1876 1899 1923 1926 1874 1779 1783 1791 1814 1815 1802 1772 1703 1687 1677 1665 1654 1643 1631 1620 1605 1592 1581 1567 1554 1544 1538 1532 1524 1509 1498 1483 1472 1462 1452 1442 1431 1418 1413 1408 1399 1391 1386 1379 1376 1373 1369 1361 1357 1355 1353 1348 1341 1337 1331 1322 1316 1309 1300 1294 1286 1278 1268 1258 1249 1240 1232 1221 1215 1204 1199 1191 1180
1991 1973 1932 1906 1899 1881 1873 1861 1846 1836 1827 1821 1779 1779 1770 1759 1749 1745 1742 1708 1693 1682 1669 1656 1644 1634 1623 1612 1597 1581 1565 1554 1540 1534 1527 1521 1512 1498 1486 1477 1469 1462 1451 1441 1429 1418 1412 1409 1400 1393 1387 1380 1378 1376 1372 1363 1360 1357 1354 1349 1342 1337 1329 1320 1311 1302 1296 1293 1287 1281 1271 1259 1249 1240 1233 1222 1212 1199 1193 1186 1178
1936 1924 1911 1898 1886 1875 1864 1849 1835 1823 1809 1787 1781 1770 1759 1747 1735 1723 1712 1701 1687 1675 1661 1647 1636 1627 1616 1604 1587 1566 1552 1543 1533 1527 1518 1510 1500 1491 1479 1473 1465 1458 1448 1440 1431 1421 1414 1409 1399 1393 1388 1383 1381 1380 1377 1369 1364 1361 1357 1352 1346 1340 1332 1321 1313 1304 1296 1293 1286 1280 1269 1259 1250 1241 1231 1219 1210 1200 1194 1189 1181
1913 1909 1899 1890 1878 1868 1856 1840 1826 1814 1804 1785 1775 1762 1749 1737 1725 1714 1705 1693 1681 1668 1654 1640 1630 1621 1610 1596 1575 1556 1545 1535 1525 1521 1514 1506 1496 1486 1475 1470 1462 1454 1444 1437 1430 1423 1416 1413 1404 1395 1388 1384 1383 1381 1380 1374 1369 1365 1359 1354 1348 1341 1333 1322 1315 1306 1298 1292 1283 1277 1265 1257 1248 1240 1231 1219 1210 1200 1193 1188 1180
1899 1903 1893 1882 1871 1860 1847 1832 1819 1806 1795 1782 1769 1756 1741 1728 1717 1707 1698 1686 1674 1663 1652 1641 1624 1613 1605 1584 1566 1553 1545 1530 1518 1515 1513 1505 1494 1483 1473 1468 1459 1450 1440 1435 1429 1423 1417 1414 1407 1396 1389 1386 1384 1380 1378 1375 1374 1369 1359 1353 1342 1337 1328 1319 1312 1303 1297 1291 1281 1272 1259 1252 1244 1237 1229 1220 1212 1202 1196 1190 1179
1874 1891 1884 1875 1865 1853 1841 1826 1812 1798 1788 1775 1761 1748 1733 1719 1708 1699 1688 1678 1669 1659 1650 1639 1621 1607 1593 1576 1560 1548 1540 1529 1520 1512 1508 1504 1495 1481 1472 1467 1460 1452 1442 1437 1430 1427 1420 1418 1412 1400 1395 1391 1390 1386 1384 1386 1387 1385 1366 1357 1350 1340 1332 1319 1310 1299 1293 1290 1281 1274 1261 1253 1241 1235 1228 1219 1211 1201 1194 1189 1180
1848 1876 1879 1866 1855 1842 1830 1818 1805 1791 1780 1766 1753 1738 1723 1711 1698 1689 1679 1670 1663 1655 1649 1640 1618 1602 1582 1565 1552 1542 1534 1527 1520 1508 1504 1503 1500 1487 1476 1469 1461 1454 1445 1441 1434 1431 1428 1425 1421 1418 1414 1412 1411 1402 1406 1404 1401 1393 1377 1366 1359 1349 1338 1323 1309 1297 1291 1290 1283 1276 1264 1251 1238 1234 1232 1223 1216 1206 1197 1191 1181
1835 1858 1866 1857 1844 1830 1817 1805 1794 1781 1768 1754 1742 1727 1713 1703 1690 1679 1671 1660 1655 1646 1640 1632 1614 1596 1578 1561 1546 1536 1529 1522 1513 1500 1496 1496 1493 1487 1476 1466 1458 1451 1445 1441 1432 1429 1426 1430 1427 1426 1428 1431 1426 1417 1410 1408 1403 1399 1388 1376 1369 1360 1347 1330 1315 1301 1294 1292 1284 1276 1265 1256 1245 1238 1235 1225 1216 1208 1199 1192 1181
1823 1848 1860 1846 1832 1817 1802 1791 1780 1768 1754 1741 1729 1715 1703 1691 1678 1672 1668 1662 1649 1637 1630 1622 1610 1595 1576 1560 1541 1531 1524 1516 1504 1492 1489 1488 1486 1484 1477 1465 1456 1449 1442 1435 1430 1427 1424 1428 1424 1423 1431 1429 1421 1414 1412 1411 1406 1401 1394 1387 1378 1370 1359 1336 1320 1309 1301 1296 1288 1279 1270 1258 1253 1246 1240 1230 1218 1210 1199 1191 1180
1812 1843 1854 1836 1820 1801 1789 1778 1765 1753 1739 1729 1716 1700 1688 1676 1669 1664 1660 1662 1640 1628 1621 1613 1605 1591 1572 1555 1539 1524 1516 1508 1498 1483 1481 1483 1481 1481 1471 1463 1454 1446 1439 1434 1430 1424 1421 1421 1420 1420 1422 1421 1416 1413 1413 1411 1405 1400 1394 1390 1384 1378 1366 1347 1331 1321 1311 1300 1293 1282 1278 1263 1260 1256 1243 1236 1224 1214 1200 1193 1182
1803 1835 1842 1829 1808 1791 1779 1767 1754 1743 1731 1718 1706 1691 1675 1665 1657 1648 1645 1637 1630 1620 1611 1604 1596 1582 1568 1552 1536 1520 1510 1503 1493 1480 1481 1480 1477 1474 1465 1461 1454 1446 1438 1431 1426 1420 1418 1417 1416 1415 1414 1410 1410 1410 1411 1410 1403 1399 1395 1391 1387 1382 1371 1360 1343 1333 1322 1306 1297 1286 1283 1278 1268 1263 1252 1242 1232 1220 1205 1193 1180
1801 1841 1836 1820 1797 1785 1770 1756 1743 1732 1725 1711 1695 1680 1661 1649 1638 1633 1631 1626 1620 1608 1598 1592 1583 1574 1565 1549 1530 1514 1504 1497 1489 1480 1481 1477 1472 1469 1462 1458 1450 1443 1435 1428 1424 1417 1416 1414 1415 1414 1411 1409 1409 1410 1411 1407 1400 1398 1394 1392 1387 1382 1371 1362 1348 1341 1328 1318 1303 1289 1283 1272 1267 1262 1252 1246 1239 1226 1214 1196 1181
1795 1832 1826 1808 1791 1778 1758 1743 1729 1717 1708 1697 1684 1669 1650 1637 1628 1623 1620 1616 1606 1597 1590 1583 1574 1566 1556 1540 1522 1506 1497 1494 1488 1479 1476 1470 1465 1461 1457 1452 1445 1439 1432 1426 1422 1414 1414 1413 1414 1413 1410 1409 1408 1410 1410 1406 1401 1398 1393 1389 1383 1377 1364 1354 1342 1334 1322 1307 1298 1284 1276 1266 1263 1258 1248 1243 1237 1228 1223 1206 1194
1798 1823 1820 1797 1785 1766 1744 1729 1714 1704 1693 1685 1672 1658 1641 1627 1618 1612 1608 1602 1596 1590 1584 1575 1564 1554 1542 1527 1512 1499 1492 1490 1486 1479 1474 1466 1461 1456 1452 1448 1442 1436 1430 1425 1421 1411 1410 1409 1411 1411 1410 1408 1406 1408 1407 1403 1401 1400 1390 1381 1375 1363 1353 1341 1333 1322 1311 1298 1286 1276 1264 1257 1251 1244 1239 1233 1226 1221 1220 1209 1202
1783 1801 1806 1792 1775 1755 1732 1713 1697 1687 1678 1670 1659 1647 1631 1618 1609 1603 1598 1593 1590 1585 1576 1566 1554 1542 1528 1513 1500 1492 1486 1484 1484 1479 1470 1461 1455 1452 1448 1444 1439 1431 1424 1418 1411 1405 1400 1405 1411 1411 1411 1408 1406 1406 1404 1401 1397 1390 1382 1373 1363 1352 1341 1331 1322 1311 1299 1289 1277 1265 1255 1246 1238 1230 1224 1217 1210 1207 1208 1204 1200
-9999 1774 1794 1782 1766 1741 1720 1697 1684 1672 1662 1654 1646 1635 1622 1609 1598 1592 1588 1587 1584 1577 1567 1556 1544 1531 1515 1501 1491 1484 1479 1479 1481 1478 1462 1454 1450 1447 1442 1438 1434 1425 1419 1407 1399 1400 1398 1399 1401 1400 1404 1402 1402 1402 1400 1397 1390 1384 1376 1366 1355 1344 1332 1321 1313 1301 1292 1282 1270 1257 1247 1237 1227 1218 1208 1198 1191 1188 1190 1191 1187
-9999 1756 1774 1775 1752 1726 1704 1688 1674 1659 1648 1638 1631 1621 1611 1600 1589 1581 1577 1576 1571 1565 1555 1546 1534 1521 1505 1492 1484 1479 1477 1478 1480 1479 1461 1453 1447 1444 1437 1432 1428 1419 1410 1399 1394 1395 1394 1395 1398 1399 1398 1400 1401 1400 1398 1396 1390 1380 1370 1359 1347 1336 1324 1314 1307 1296 1288 1276 1264 1252 1242 1230 1217 1208 1196 1185 1176 1171 1170 1172 1172
-9999 1741 1758 1760 1732 1713 1693 1679 1665 1651 1638 1625 1614 1605 1597 1586 1578 1571 1567 1560 1552 1545 1538 1529 1520 1507 1494 1484 1477 1475 1473 1473 1476 1471 1461 1449 1442 1439 1432 1428 1423 1414 1405 1393 1391 1392 1392 1392 1396 1399 1398 1400 1400 1398 1397 1395 1390 1378 1364 1352 1340 1328 1317 1309 1303 1293 1284 1273 1263 1249 1236 1226 1214 1201 1186 1175 1166 1158 1156 1156 1158
-9999 1725 1739 1741 1721 1701 1684 1669 1657 1645 1630 1613 1597 1588 1580 1573 1566 1561 1555 1542 1532 1525 1517 1509 1502 1492 1483 1476 1472 1472 1470 1470 1473 1471 1459 1443 1435 1428 1424 1419 1414 1407 1401 1388 1388 1388 1389 1390 1391 1397 1399 1399 1398 1393 1392 1390 1379 1365 1353 1344 1334 1321 1311 1302 1297 1288 1279 1268 1257 1243 1230 1220 1207 1193 1179 1169 1162 1153 1149 1140 1141
-9999 1708 1721 1726 1711 1692 1676 1661 1649 1637 1623 1607 1589 1575 1567 1560 1554 1549 1542 1528 1516 1508 1500 1494 1486 1479 1473 1468 1465 1465 1465 1465 1465 1464 1456 1438 1428 1418 1415 1409 1402 1399 1394 1386 1386 1386 1388 1389 1392 1400 1403 1400 1398 1390 1388 1381 1366 1351 1338 1330 1323 1313 1301 1293 1287 1282 1270 1258 1248 1236 1222 1211 1198 1182 1170 1161 1155 1147 1143 1129 1121
-9999 1693 1714 1719 1700 1683 1668 1654 1642 1630 1616 1602 1581 1568 1557 1549 1542 1535 1525 1514 1506 1499 1491 1486 1476 1469 1462 1458 1457 1457 1459 1459 1456 1455 1447 1435 1423 1412 1405 1400 1394 1390 1383 1379 1379 1381 1383 1386 1393 1402 1407 1403 1397 1386 1379 1369 1354 1337 1325 1316 1310 1302 1292 1282 1275 1269 1259 1249 1238 1226 1215 1204 1188 1173 1161 1153 1147 1139 1132 1123 1114
-9999 1684 1704 1702 1689 1674 1661 1647 1634 1620 1608 1595 1579 1562 1550 1539 1531 1522 1512 1502 1498 1501 1492 1482 1471 1462 1455 1452 1450 1449 1450 1451 1450 1449 1444 1434 1419 1404 1395 1389 1386 1382 1377 1376 1374 1379 1381 1383 1392 1405 1410 1409 1404 1384 1368 1355 1340 1325 1313 1305 1297 1289 1280 1271 1264 1255 1248 1238 1227 1216 1206 1194 1178 1167 1155 1149 1140 1129 1120 1113 1104
-9999 1677 1694 1686 1677 1664 1651 1638 1624 1609 1597 1586 1573 1557 1544 1532 1520 1510 1500 1491 1487 1489 1481 1474 1464 1456 1450 1446 1444 1443 1444 1445 1446 1445 1441 1426 1411 1396 1384 1377 1373 1366 1368 1371 1369 1372 1377 1381 1388 1400 1406 1403 1402 1372 1354 1339 1327 1314 1303 1293 1282 1273 1264 1257 1249 1243 1235 1225 1216 1206 1196 1183 1171 1161 1151 1144 1132 1118 1111 1106 1097
-9999 1674 1686 1679 1662 1651 1640 1626 1613 1599 1585 1574 1564 1550 1537 1524 1511 1499 1487 1478 1474 1472 1470 1465 1458 1449 1442 1438 1435 1433 1432 1432 1437 1437 1430 1418 1404 1389 1373 1360 1354 1350 1355 1361 1367 1373 1375 1376 1380 1389 1397 1402 1369 1356 1337 1327 1316 1305 1292 1279 1267 1258 1248 1241 1235 1230 1222 1213 1206 1196 1185 1173 1164 1155 1145 1137 1125 1114 1105 1097 1088
-9999 1669 1683 1674 1653 1639 1626 1613 1600 1587 1574 1562 1551 1540 1529 1517 1503 1488 1476 1467 1464 1462 1460 1454 1446 1440 1435 1431 1427 1423 1420 1418 1420 1424 1423 1411 1396 1381 1361 1352 1347 1347 1348 1353 1360 1370 1373 1372 1374 1385 1391 1382 1348 1333 1325 1316 1305 1293 1284 1269 1256 1247 1237 1232 1227 1221 1211 1202 1195 1185 1175 1164 1156 1148 1138 1129 1120 1107 1097 1087 1077
