src/plugins/pihm_gis/RasterProcessing/FillPits/morgedem.asc
ncols         469
nrows         695
xllcorner     582412.50017446
yllcorner     116212.49968799
cellsize      25
NODATA_value  -9999
[rows 180 to 215 of 695, columns 243 to 323 of 469]
2064 2052 2037 2027 2015 2008 1997 1989 1975 1965 1953 1942 1926 1916 1903 1892 1878 1868 1857 1851 1844 1838 1834 1825 1821 1810 1804 1786 1762 1737 1717 1696 1676 1662 1664 1661 1659 1657 1654 1650 1647 1643 1638 1635 1626 1625 1624 1624 1623 1617 1618 1623 1632 1636 1638 1641 1636 1641 1657 1664 1673 1685 1683 1682 1695 1705 1724 1742 1760 1780 1799 1809 1817 1829 1843 1854 1868 1883 1899 1914 1931
2054 2041 2030 2019 2011 2006 1996 1987 1969 1954 1938 1925 1913 1904 1895 1885 1873 1864 1854 1846 1838 1835 1830 1824 1818 1806 1799 1787 1763 1745 1721 1700 1680 1661 1659 1657 1652 1651 1650 1647 1644 1641 1635 1628 1619 1608 1609 1611 1612 1606 1607 1615 1619 1622 1624 1623 1634 1641 1646 1649 1654 1661 1671 1675 1696 1715 1736 1754 1769 1784 1793 1803 1810 1819 1832 1846 1860 1875 1890 1904 1919
2047 2036 2026 2016 2009 2003 1989 1974 1954 1943 1930 1918 1905 1896 1886 1878 1867 1860 1851 1842 1835 1833 1827 1822 1813 1800 1796 1787 1762 1744 1720 1699 1683 1668 1660 1654 1646 1646 1645 1642 1639 1636 1632 1628 1613 1592 1595 1598 1600 1599 1599 1604 1608 1612 1615 1619 1624 1631 1634 1638 1638 1650 1664 1679 1700 1724 1744 1756 1770 1783 1788 1795 1801 1810 1821 1834 1850 1867 1884 1897 1915
2039 2029 2020 2011 2003 1992 1977 1957 1944 1934 1921 1911 1899 1890 1879 1871 1860 1854 1847 1839 1833 1829 1822 1816 1806 1796 1791 1775 1751 1736 1715 1695 1683 1672 1666 1653 1640 1641 1641 1640 1636 1634 1631 1627 1612 1579 1582 1588 1592 1594 1595 1600 1601 1603 1612 1621 1622 1626 1627 1634 1638 1652 1669 1683 1702 1723 1739 1759 1767 1777 1781 1787 1793 1802 1812 1823 1840 1856 1875 1894 1910
2032 2024 2014 2005 1994 1978 1963 1948 1936 1927 1917 1909 1899 1885 1875 1865 1857 1850 1843 1835 1828 1822 1816 1812 1805 1793 1783 1756 1740 1725 1707 1693 1683 1673 1667 1658 1641 1638 1638 1636 1629 1629 1627 1624 1606 1577 1579 1583 1586 1589 1590 1595 1598 1603 1605 1611 1612 1613 1618 1622 1640 1655 1672 1694 1711 1725 1740 1760 1764 1769 1773 1777 1784 1794 1804 1813 1827 1846 1866 1896 1902
2028 2019 2007 1996 1982 1968 1955 1942 1933 1927 1920 1911 1901 1889 1879 1867 1858 1850 1843 1835 1828 1824 1816 1811 1802 1777 1761 1745 1731 1715 1702 1691 1683 1674 1667 1658 1644 1636 1636 1633 1626 1627 1625 1620 1580 1576 1577 1581 1584 1587 1587 1592 1593 1599 1600 1601 1601 1600 1609 1628 1645 1662 1680 1699 1709 1725 1742 1753 1756 1758 1763 1769 1775 1784 1795 1806 1816 1834 1859 1893 1905
2024 2009 1995 1985 1974 1959 1951 1941 1939 1930 1921 1911 1902 1891 1882 1870 1860 1850 1843 1834 1828 1824 1815 1803 1780 1764 1749 1737 1723 1705 1696 1685 1679 1670 1663 1654 1644 1637 1636 1634 1623 1625 1621 1605 1576 1574 1574 1578 1581 1583 1582 1585 1587 1592 1594 1593 1596 1600 1612 1629 1646 1663 1680 1695 1707 1723 1738 1744 1749 1751 1755 1761 1767 1775 1786 1796 1807 1823 1843 1879 1889
2017 2002 1987 1977 1964 1954 1948 1943 1939 1930 1924 1913 1904 1893 1885 1874 1862 1850 1843 1833 1826 1821 1808 1795 1771 1753 1742 1732 1717 1697 1692 1682 1677 1669 1663 1655 1646 1639 1636 1626 1619 1621 1614 1584 1574 1573 1574 1577 1580 1580 1580 1581 1583 1585 1589 1587 1593 1600 1612 1628 1645 1662 1678 1691 1702 1718 1729 1735 1740 1743 1747 1752 1758 1765 1776 1786 1797 1813 1834 1856 1871
1996 1984 1976 1968 1959 1952 1947 1942 1935 1929 1925 1916 1904 1891 1881 1867 1861 1849 1842 1830 1822 1815 1802 1785 1757 1740 1738 1731 1720 1699 1689 1679 1675 1668 1663 1658 1655 1645 1642 1633 1617 1615 1604 1577 1572 1571 1571 1573 1576 1577 1575 1578 1579 1580 1582 1580 1587 1604 1617 1631 1645 1660 1674 1687 1697 1709 1720 1727 1732 1735 1737 1741 1748 1754 1763 1774 1789 1809 1827 1842 1858
1984 1978 1972 1966 1959 1952 1946 1941 1932 1926 1920 1904 1893 1881 1869 1859 1854 1840 1837 1821 1816 1809 1795 1778 1764 1757 1746 1735 1720 1702 1694 1685 1680 1673 1668 1661 1657 1649 1644 1635 1617 1611 1596 1562 1567 1568 1569 1571 1573 1574 1571 1575 1577 1578 1580 1577 1589 1605 1616 1630 1643 1655 1667 1680 1692 1702 1712 1720 1726 1728 1729 1732 1738 1744 1753 1763 1778 1801 1821 1831 1847
1980 1975 1969 1963 1959 1952 1944 1940 1928 1922 1908 1893 1881 1869 1858 1856 1855 1843 1839 1826 1820 1814 1802 1786 1773 1765 1753 1738 1720 1708 1699 1691 1683 1676 1671 1664 1660 1653 1647 1641 1619 1610 1599 1558 1559 1561 1562 1564 1566 1568 1564 1569 1571 1572 1575 1578 1586 1600 1611 1625 1637 1648 1659 1672 1685 1695 1703 1710 1717 1719 1720 1723 1728 1735 1744 1753 1765 1784 1807 1820 1834
1984 1975 1965 1958 1951 1942 1938 1932 1920 1914 1897 1880 1876 1865 1862 1862 1861 1854 1845 1837 1829 1819 1806 1795 1783 1772 1759 1743 1726 1715 1707 1699 1690 1681 1674 1667 1662 1654 1645 1638 1618 1607 1589 1564 1558 1559 1560 1561 1562 1562 1560 1564 1566 1568 1571 1578 1585 1594 1603 1617 1628 1640 1650 1662 1679 1688 1696 1702 1707 1710 1712 1714 1718 1725 1735 1746 1757 1773 1793 1808 1819
1985 1977 1969 1962 1958 1949 1941 1933 1921 1907 1895 1884 1882 1881 1876 1870 1865 1860 1851 1844 1839 1827 1818 1804 1789 1775 1759 1744 1733 1723 1717 1707 1697 1687 1678 1670 1661 1648 1640 1630 1615 1602 1581 1561 1556 1557 1559 1560 1561 1560 1558 1560 1562 1564 1564 1575 1582 1589 1597 1607 1617 1629 1641 1653 1667 1680 1688 1693 1697 1701 1705 1708 1710 1716 1725 1738 1752 1769 1787 1801 1808
1985 1978 1969 1963 1958 1948 1941 1929 1920 1907 1898 1901 1893 1889 1886 1880 1870 1864 1854 1849 1843 1831 1821 1807 1791 1776 1761 1752 1742 1735 1725 1715 1704 1694 1682 1670 1658 1647 1636 1623 1614 1597 1572 1559 1558 1558 1557 1557 1558 1556 1552 1555 1557 1559 1559 1566 1576 1582 1590 1597 1607 1618 1630 1643 1657 1670 1678 1685 1688 1690 1697 1701 1700 1706 1717 1730 1746 1765 1782 1792 1799
1986 1978 1969 1964 1960 1948 1936 1920 1917 1914 1903 1904 1897 1891 1889 1883 1873 1866 1856 1851 1846 1837 1830 1819 1802 1786 1773 1761 1753 1745 1734 1723 1712 1702 1688 1674 1660 1648 1635 1619 1611 1587 1571 1560 1558 1558 1556 1556 1556 1553 1550 1552 1554 1556 1557 1562 1569 1574 1582 1588 1597 1607 1619 1633 1647 1658 1665 1672 1675 1676 1685 1691 1692 1698 1708 1720 1736 1757 1774 1785 1791
1982 1979 1968 1963 1958 1943 1936 1926 1922 1921 1913 1908 1900 1892 1889 1885 1877 1873 1865 1859 1854 1846 1837 1829 1816 1799 1786 1775 1765 1755 1742 1730 1717 1704 1693 1679 1664 1654 1639 1625 1613 1600 1582 1579 1561 1559 1557 1556 1556 1551 1549 1550 1551 1553 1555 1560 1564 1567 1574 1579 1587 1596 1608 1622 1634 1645 1652 1658 1662 1666 1674 1682 1681 1688 1698 1710 1727 1746 1764 1773 1779
1978 1970 1960 1958 1951 1939 1937 1936 1927 1924 1919 1911 1905 1896 1894 1892 1886 1882 1877 1871 1864 1858 1849 1840 1826 1811 1798 1787 1775 1762 1748 1737 1723 1716 1701 1685 1670 1660 1644 1628 1613 1600 1586 1578 1565 1560 1556 1554 1553 1547 1545 1545 1547 1549 1550 1556 1559 1560 1566 1572 1579 1587 1596 1607 1619 1630 1639 1645 1649 1652 1656 1662 1669 1678 1687 1699 1718 1737 1750 1756 1764
1981 1977 1967 1962 1956 1943 1940 1942 1939 1932 1925 1915 1908 1900 1899 1898 1897 1891 1886 1881 1876 1869 1861 1847 1834 1822 1809 1797 1781 1770 1758 1745 1736 1720 1703 1687 1673 1663 1646 1629 1613 1599 1594 1582 1570 1560 1558 1556 1555 1544 1543 1542 1544 1546 1547 1551 1555 1556 1559 1564 1570 1577 1585 1595 1606 1616 1624 1630 1636 1640 1644 1649 1656 1665 1676 1692 1710 1726 1734 1739 1746
1994 1984 1976 1968 1960 1951 1949 1947 1941 1935 1930 1921 1917 1913 1910 1907 1905 1901 1895 1889 1884 1876 1866 1853 1841 1828 1815 1801 1788 1780 1765 1750 1734 1719 1701 1685 1671 1657 1640 1625 1618 1612 1603 1589 1574 1559 1552 1548 1544 1539 1539 1539 1540 1540 1541 1544 1550 1552 1554 1558 1563 1568 1574 1582 1595 1605 1612 1617 1623 1626 1630 1636 1643 1654 1670 1686 1696 1713 1722 1723 1730
2000 1992 1985 1977 1965 1958 1956 1952 1947 1943 1939 1936 1931 1928 1921 1915 1910 1906 1900 1894 1890 1882 1872 1857 1844 1830 1814 1799 1784 1774 1759 1743 1728 1713 1698 1684 1667 1655 1643 1640 1640 1627 1607 1591 1578 1561 1554 1548 1542 1538 1537 1537 1537 1538 1537 1539 1544 1546 1548 1551 1555 1559 1562 1572 1583 1594 1601 1606 1610 1613 1617 1623 1633 1647 1658 1671 1682 1697 1707 1711 1717
2010 1999 1993 1983 1973 1966 1964 1959 1956 1953 1947 1946 1944 1940 1931 1921 1914 1909 1904 1898 1895 1887 1878 1861 1847 1830 1812 1799 1785 1772 1756 1740 1729 1716 1700 1691 1679 1668 1668 1664 1648 1632 1614 1599 1585 1570 1559 1552 1546 1539 1538 1536 1536 1536 1535 1537 1542 1544 1544 1545 1547 1550 1553 1560 1572 1583 1590 1595 1599 1603 1608 1612 1621 1635 1639 1651 1668 1682 1691 1700 1707
2019 2008 2002 1987 1975 1974 1969 1967 1964 1961 1954 1952 1950 1945 1938 1924 1916 1911 1907 1902 1899 1889 1881 1864 1849 1832 1815 1801 1786 1774 1758 1740 1731 1720 1709 1704 1693 1690 1683 1671 1655 1640 1632 1618 1592 1575 1564 1557 1552 1543 1540 1537 1536 1536 1533 1534 1538 1541 1540 1539 1540 1542 1547 1552 1559 1570 1578 1583 1586 1590 1595 1600 1609 1615 1623 1637 1654 1665 1675 1687 1699
2029 2018 2003 1992 1985 1985 1979 1977 1971 1966 1959 1955 1953 1946 1940 1928 1918 1915 1912 1908 1904 1898 1879 1862 1850 1833 1814 1798 1782 1770 1758 1754 1744 1735 1730 1726 1717 1706 1691 1677 1665 1658 1644 1630 1612 1583 1571 1564 1557 1548 1542 1538 1535 1533 1526 1524 1527 1532 1532 1533 1535 1536 1539 1544 1551 1559 1565 1569 1573 1576 1581 1589 1597 1601 1611 1627 1641 1650 1660 1675 1686
2034 2016 2003 1997 2000 1998 1991 1986 1980 1973 1961 1956 1955 1945 1940 1931 1923 1918 1915 1910 1904 1894 1875 1858 1844 1830 1813 1797 1790 1782 1784 1779 1762 1755 1756 1746 1730 1712 1696 1682 1667 1651 1638 1622 1610 1594 1580 1569 1561 1552 1547 1540 1535 1529 1521 1520 1519 1522 1525 1528 1530 1530 1533 1536 1542 1548 1552 1555 1561 1566 1571 1578 1585 1592 1602 1618 1626 1636 1647 1660 1676
2035 2018 2015 2015 2020 2011 2001 1994 1987 1981 1973 1964 1962 1950 1938 1931 1926 1923 1918 1911 1902 1890 1874 1857 1845 1837 1824 1821 1813 1810 1807 1801 1785 1783 1767 1750 1734 1716 1700 1685 1672 1656 1637 1624 1610 1596 1587 1576 1565 1557 1552 1545 1539 1529 1520 1518 1516 1518 1520 1521 1519 1522 1524 1528 1534 1540 1540 1540 1544 1553 1559 1564 1574 1582 1594 1604 1614 1625 1636 1651 1663
2034 2019 2022 2029 2023 2022 2011 2000 1995 1991 1982 1972 1961 1948 1938 1932 1929 1926 1921 1910 1898 1887 1876 1869 1862 1857 1853 1847 1840 1829 1824 1812 1802 1790 1775 1758 1742 1724 1704 1690 1677 1659 1642 1628 1616 1603 1600 1586 1575 1566 1561 1551 1543 1534 1525 1519 1513 1511 1510 1502 1498 1502 1509 1513 1520 1525 1529 1531 1536 1543 1549 1553 1562 1575 1585 1593 1602 1613 1628 1642 1650
2037 2035 2040 2042 2037 2028 2017 2009 2005 2000 1988 1974 1962 1948 1938 1933 1931 1929 1925 1915 1898 1895 1887 1887 1883 1882 1871 1861 1849 1836 1826 1815 1810 1796 1778 1761 1747 1733 1715 1696 1678 1660 1649 1638 1624 1614 1600 1592 1583 1577 1568 1560 1550 1540 1531 1524 1516 1512 1509 1500 1499 1496 1497 1499 1503 1510 1517 1523 1528 1534 1540 1545 1555 1565 1577 1586 1593 1603 1621 1632 1637
2046 2053 2053 2044 2038 2030 2020 2013 2012 2004 1993 1977 1963 1951 1942 1936 1932 1928 1924 1918 1905 1902 1903 1900 1891 1886 1876 1864 1850 1837 1833 1823 1819 1806 1792 1777 1763 1742 1720 1703 1697 1679 1663 1647 1630 1617 1607 1602 1593 1584 1576 1570 1561 1552 1541 1533 1522 1514 1505 1500 1500 1499 1497 1496 1491 1496 1503 1513 1522 1526 1530 1536 1546 1556 1568 1579 1587 1594 1612 1623 1625
2064 2061 2058 2044 2033 2027 2019 2018 2020 2010 1992 1979 1966 1955 1949 1941 1937 1932 1927 1921 1916 1908 1908 1902 1893 1887 1878 1867 1856 1846 1840 1832 1825 1816 1803 1788 1771 1753 1734 1714 1701 1688 1672 1654 1637 1628 1623 1614 1604 1597 1593 1586 1579 1568 1557 1547 1536 1525 1518 1506 1499 1496 1491 1486 1479 1480 1487 1500 1509 1516 1520 1528 1537 1547 1558 1568 1578 1588 1599 1610 1613
2062 2057 2052 2040 2033 2030 2022 2020 2022 2009 1993 1983 1975 1965 1959 1950 1943 1938 1933 1928 1924 1916 1911 1904 1894 1888 1880 1871 1861 1854 1846 1840 1831 1822 1805 1787 1771 1754 1734 1716 1702 1687 1672 1659 1651 1642 1633 1623 1615 1611 1607 1601 1594 1585 1574 1563 1553 1541 1530 1520 1510 1503 1497 1490 1480 1476 1478 1482 1498 1506 1512 1518 1526 1535 1542 1553 1564 1575 1585 1598 1604
2057 2052 2048 2039 2035 2036 2034 2026 2022 2007 1993 1986 1979 1974 1965 1957 1950 1944 1940 1935 1926 1915 1910 1904 1896 1891 1885 1878 1868 1862 1851 1845 1833 1822 1805 1788 1771 1755 1739 1723 1708 1695 1686 1678 1667 1656 1643 1633 1629 1624 1616 1611 1605 1596 1586 1575 1565 1554 1543 1532 1521 1513 1505 1495 1479 1475 1476 1478 1485 1495 1502 1508 1514 1520 1529 1538 1549 1560 1571 1582 1591
2055 2050 2046 2039 2039 2040 2042 2035 2019 2005 1995 1992 1985 1982 1974 1966 1958 1954 1948 1940 1929 1917 1912 1907 1899 1893 1887 1879 1871 1866 1855 1849 1837 1826 1808 1790 1774 1758 1743 1732 1719 1707 1702 1689 1676 1665 1653 1644 1643 1634 1625 1619 1612 1605 1596 1585 1572 1560 1549 1540 1531 1521 1512 1502 1485 1478 1475 1477 1479 1485 1490 1496 1503 1509 1517 1526 1535 1546 1557 1568 1579
2057 2054 2054 2045 2048 2043 2042 2031 2016 2005 1998 1999 1988 1987 1981 1975 1969 1965 1960 1948 1938 1925 1917 1911 1904 1896 1890 1881 1874 1868 1856 1850 1837 1830 1816 1797 1780 1768 1757 1740 1729 1725 1714 1698 1686 1673 1659 1659 1655 1642 1634 1628 1620 1612 1601 1589 1576 1564 1554 1547 1540 1530 1519 1507 1494 1481 1476 1475 1475 1476 1480 1482 1490 1499 1506 1514 1521 1534 1545 1555 1566
2060 2056 2058 2056 2060 2057 2042 2028 2017 2010 2004 1999 1995 1993 1988 1981 1978 1972 1965 1954 1943 1931 1923 1916 1911 1904 1897 1890 1883 1876 1865 1856 1844 1836 1823 1806 1792 1778 1765 1753 1745 1739 1725 1708 1693 1681 1677 1677 1663 1652 1642 1636 1628 1619 1606 1592 1578 1569 1558 1552 1546 1537 1524 1509 1496 1483 1476 1474 1473 1465 1469 1471 1477 1486 1496 1504 1511 1521 1533 1546 1561
2063 2059 2060 2061 2062 2052 2039 2033 2022 2018 2012 2005 2001 2000 1997 1990 1986 1979 1970 1959 1948 1939 1931 1925 1921 1917 1911 1903 1896 1888 1879 1867 1857 1848 1836 1819 1806 1793 1779 1770 1761 1750 1734 1717 1704 1695 1690 1685 1674 1660 1651 1644 1635 1624 1611 1598 1585 1576 1565 1557 1550 1542 1526 1510 1497 1485 1476 1471 1465 1459 1459 1460 1462 1474 1485 1493 1500 1509 1521 1535 1555
2071 2069 2065 2064 2060 2052 2043 2040 2030 2022 2020 2013 2010 2008 2002 1995 1990 1984 1974 1963 1955 1948 1941 1937 1933 1929 1925 1919 1909 1901 1889 1877 1867 1858 1845 1832 1820 1807 1797 1784 1771 1759 1737 1724 1715 1707 1700 1691 1680 1668 1659 1650 1642 1630 1616 1604 1593 1584 1573 1563 1553 1543 1527 1513 1500 1490 1481 1475 1470 1461 1458 1456 1457 1461 1476 1485 1489 1496 1509 1522 1546
