src/plugins/pihm_gis/RasterProcessing/RunAllRaster/dummy
ncols         361
nrows         419
xllcenter     431330.000000
yllcenter     4412005.000000
cellsize      10.000000
nodata_value  -1
[rows 217 to 247 of 419, columns 70 to 139 of 361]
0.0400002 0.0212129 0.0212134 0.0300003 0.00999985 0.0282844 0.0300003 0.0282844 0.0400002 0.0400002 0.0400002 0.0141419 0.00999985 0.0212129 0.0299995 0.0282844 0.0300003 0.0141419 0.0282844 0.0300003 0.00999985 0 0 0 0 0 0 0 0 0.00999985 0.0141419 0.0212134 0.0199997 0.00999985 0.0212134 0.0300003 0.0282844 0.0141419 0.00707096 0.00999985 0.0200005 0.00999985 0 0.00999985 0 0.0300003 0.0200005 0.0282844 0.0199997 0.0282844 0.0300003 0 0.0400002 0.0599998 0.0707107 0.0636397 0.0565688 0.05 0.05 0.05 0.0199997 0.0212129 0.05 0.0400002 0.0400002 0.0400002 0.0565688 0.0565682 0.05 0.05
0.0353553 0.0400002 0.0141419 0.0300003 0.0141419 0.0199997 0.0300003 0.0400002 0.0424263 0.0565688 0.0300003 0.0199997 0.0282844 0.0400002 0.0300003 0.0300003 0.0199997 0.0282844 0.0300003 0.0199997 0 0 0 0 0 0 0 0 0 0.00999985 0.00999985 0.0300003 0.0141419 0 0.0300003 0.00707096 0.0200005 0.00999985 0.00999985 0.00999985 0.0200005 0.00999985 0.00707096 0.00999985 0 0.00999985 0 0.0300003 0.0141425 0.0300003 0.00999985 0 0 0 0.05 0.05 0.05 0.0599998 0.0599998 0.0300003 0.0212134 0.05 0.0353553 0.0400002 0.0300003 0.0353553 0.0300003 0.0565688 0.05 0.0424263
0.0565688 0.0400002 0.0300003 0.0282844 0.0300003 0.0353553 0.0565688 0.0777816 0.0707107 0.0707107 0.0599998 0.0599998 0.0599998 0.0199997 0.0282844 0.0400002 0.0300003 0.0400002 0.0141419 0.00999985 0 0 0 0 0 0 0 0 0 0.00999985 0.0141419 0.0300003 0.0141419 0.00707096 0 0.00999985 0.0200005 0.00999985 0.00999985 0.00999985 0.0200005 0 0.00999985 0.00999985 0 0.00999985 0 0 0.0200005 0 0.0300003 0 0 0.00999985 0.0300003 0.0353553 0.0400002 0.0400002 0.0400002 0.0353553 0.05 0.0353553 0.0299995 0.0400002 0.0141419 0.0400002 0.0141419 0.05 0.0141419 0.0300003
0.0400002 0.00999985 0.00999985 0.00999985 0.0300003 0.05 0.05 0.0599998 0.0400002 0.05 0.00999985 0.00999985 0 0 0.0212134 0.0212129 0.0299995 0.0199997 0.0141419 0 0 0 0 0 0 0 0 0 0 0 0.0199997 0.0200005 0.00999985 0.0141419 0.0141419 0.0212134 0.0282844 0.0141419 0.0400002 0.05 0.0599998 0.0599998 0.0900002 0.0900002 0.0900002 0.1 0.1 0.0900002 0.1 0.1 0.1 0.1 0.0699997 0.0599998 0.0599998 0.0800003 0.0565688 0.05 0.0353553 0.05 0.0636397 0.0800003 0.0707107 0.0494978 0.0400002 0.05 0.05 0.0800003 0.0707107 0.0800003
0.1 0.0900002 0.0599998 0.0400002 0.0400002 0.0424263 0.0707107 0.0848526 0.11 0.13 0.14 0.11 0.1 0.05 0.05 0.0199997 0 0 0.00999985 0.0199997 0.0212129 0.0199997 0.0400002 0.05 0.0599998 0.0599998 0.0599998 0.0599998 0.0599998 0.0599998 0.0424263 0.0141425 0 0.00999985 0.0199997 0.0212134 0.00999985 0 0 0 0 0 0 0 0 0 0 0 0 0 0 0 0 0 0.00999985 0.00999985 0.0300003 0.00999985 0.0300003 0.0199997 0.0300003 0.0199997 0.0599998 0.0400002 0.00999985 0.0200005 0.0199997 0 0.0300003 0.0199997
0.0565688 0.0494978 0.0424263 0.05 0.0400002 0.0299995 0.0300003 0.0141419 0.0400002 0.0282844 0.0300003 0.05 0.0400002 0.0199997 0.0300003 0.0299995 0.0141425 0.0200005 0.0200005 0.0141425 0.0199997 0.0199997 0.0141419 0.00707096 0 0 0.00999985 0.0212134 0.0200005 0.0200005 0.0200005 0.0141425 0 0.0199997 0.00707096 0.0400002 0.00707096 0.00999985 0.00999985 0.00999985 0.0199997 0.0199997 0.0199997 0.0199997 0.0199997 0.00999985 0.0199997 0.0199997 0.0199997 0.0199997 0.0400002 0.0400002 0.05 0.0599998 0.05 0.05 0.0565688 0.05 0.0424263 0.0424263 0.0353553 0.0424263 0.0424263 0.0400002 0.0212129 0.0400002 0.0212129 0.0400002 0.0424263 0.05
0.05 0.05 0.05 0.05 0.0282844 0.0400002 0.0400002 0.0199997 0.0300003 0.0400002 0.0199997 0.0400002 0.0282844 0.0353553 0.0400002 0.0212129 0.0300003 0 0 0.0200005 0 0 0.00999985 0.0141419 0.00999985 0.00707096 0 0.00999985 0.00999985 0.00707096 0 0.0200005 0 0.00999985 0.00999985 0.0300003 0.00999985 0.0141419 0 0 0.00999985 0.0200005 0 0 0.00707096 0.0300003 0.0212134 0.0200005 0.0200005 0.0300003 0.0212134 0.0199997 0.0141419 0.00707096 0.0300003 0.0212134 0.0282844 0.0141419 0.0212134 0.0212134 0.00999985 0.0400002 0.0141419 0.0300003 0.0282844 0.0424263 0.0212129 0.0400002 0.0400002 0.0494978
0.05 0.05 0.0599998 0.0400002 0.0212129 0.0400002 0.0400002 0.0212129 0.0400002 0.0400002 0.0199997 0.0400002 0.0400002 0.0353553 0.0300003 0.0141419 0.0300003 0 0 0.0200005 0.0141425 0.0200005 0.0141425 0.00999985 0.00999985 0.0199997 0.0141419 0 0 0.00999985 0 0.0200005 0 0.00999985 0.00999985 0.0300003 0.0141425 0.0199997 0.0141419 0.00999985 0.0141419 0.0212134 0 0 0.0200005 0.0141425 0.00999985 0.00999985 0 0.0199997 0.0141419 0.00707096 0.00999985 0.0141419 0.0300003 0.0282844 0.0141419 0.00707096 0.00999985 0.0300003 0.0199997 0.0212134 0.0282844 0.0212129 0.0212134 0.05 0.0299995 0.05 0.0400002 0.05
0.05 0.0700005 0.05 0.0353553 0.0400002 0.0400002 0.0353553 0.0400002 0.0400002 0.0353553 0.0400002 0.0400002 0.05 0.0400002 0.0141419 0.0199997 0.0200005 0 0.0200005 0.0200005 0.0212134 0.00999985 0.0212134 0.0141425 0.0200005 0.0141425 0.0199997 0.0199997 0.0141419 0.00999985 0.00707096 0.0200005 0 0.00999985 0.0199997 0.00707096 0.0200005 0.0212134 0.0400002 0.0400002 0.0400002 0.0353553 0.0141419 0.0212134 0.0141425 0.0141425 0.0200005 0.0141425 0 0 0.00999985 0.00999985 0 0.00999985 0 0.0300003 0.00999985 0.00999985 0.0300003 0.0282844 0.00707096 0.00999985 0.0200005 0.0199997 0.0300003 0.05 0.05 0.05 0.05 0.0565688
0.0400002 0.0599998 0.05 0.0300003 0.0400002 0.0353553 0.0400002 0.0353553 0.0494978 0.0424263 0.05 0.05 0.05 0.0400002 0.0199997 0.00999985 0.0200005 0 0 0.00707096 0.00999985 0 0.00999985 0.0212134 0.00999985 0.0212134 0.0200005 0.0200005 0.0282844 0.0141419 0.00999985 0.0212134 0 0.00999985 0.0141419 0.00999985 0.0300003 0.0212129 0.0199997 0.0199997 0.0299995 0.0424263 0.0353553 0.0141419 0.0212134 0.0200005 0 0.0200005 0.00999985 0.0199997 0.0199997 0.00999985 0.0141419 0.00999985 0.00999985 0.0300003 0.0282844 0.0141419 0.0141419 0.0300003 0.0199997 0.0212134 0.0212134 0.0141419 0.0400002 0.05 0.0599998 0.05 0.05 0.05
0.0400002 0.0599998 0.0400002 0.0400002 0.0282844 0.0300003 0.0353553 0.0424263 0.05 0.05 0.05 0.05 0.05 0.0400002 0.0199997 0.00999985 0.0141425 0.0200005 0 0.00999985 0 0 0 0.00999985 0 0.00999985 0.00999985 0.00999985 0.0300003 0.0353553 0.0141419 0.0300003 0.0212134 0 0.0199997 0.0141419 0.0353553 0.0400002 0.0300003 0.0300003 0.0300003 0.0353553 0.0424263 0.0282844 0.00999985 0.00707096 0.0200005 0.0141425 0.00999985 0.0282844 0.0200005 0.0212134 0.0400002 0.0400002 0.0300003 0.0282844 0.0353553 0.0282844 0.0212129 0.0300003 0.00999985 0.0300003 0.0199997 0.0141419 0.0400002 0.05 0.0599998 0.0700005 0.0565688 0.0424263
0.0353553 0.05 0.0400002 0.0400002 0.0212129 0.0282844 0.0300003 0.0353553 0.0565688 0.0565688 0.0700005 0.0599998 0.05 0.0282844 0.0300003 0.0141419 0.00999985 0.0212134 0.0200005 0.00707096 0.00999985 0 0 0 0 0 0 0 0 0.0300003 0.0353553 0.0141419 0.0300003 0.0300003 0.0400002 0.0400002 0.0300003 0.0282844 0.0400002 0.0400002 0.0282844 0.0300003 0.0299995 0.0400002 0.0141419 0.0141419 0.00999985 0.0212134 0.0212134 0.0300003 0.0424263 0.0599998 0.05 0.0400002 0.0353553 0.0300003 0.0353553 0.0300003 0.0199997 0.0400002 0.0199997 0.0300003 0.0212129 0.0300003 0.0494978 0.0565688 0.0636397 0.0636397 0.05 0.05
0.0400002 0.0212129 0.0400002 0.0282844 0.0282844 0.0212129 0.0353553 0.0400002 0.0424263 0.05 0.0699997 0.0700005 0.0424263 0.0424263 0.0353553 0.0300003 0.0199997 0.0141419 0.0212134 0.0300003 0 0 0 0.00707096 0.00999985 0.00999985 0.00999985 0.00999985 0.00999985 0.00999985 0.0300003 0.0400002 0.0353553 0.0199997 0.0199997 0.0282844 0.0400002 0.0400002 0.0199997 0.0199997 0.0400002 0.0565688 0.0282844 0.0353553 0.0599998 0.05 0.0353553 0.0212129 0.0212129 0.0353553 0.0400002 0.00999985 0.00999985 0.0141419 0.0400002 0.0353553 0.0424263 0.0494978 0.0199997 0.05 0.0400002 0.0282844 0.0300003 0.0353553 0.05 0.0565682 0.0707107 0.0494973 0.05 0.0400002
0.0353553 0.0353553 0.0300003 0.0199997 0.0300003 0.0141419 0.0199997 0.0300003 0.05 0.05 0.0599998 0.0599998 0.0400002 0.0300003 0.0212129 0.0282844 0.0300003 0.0300003 0.0199997 0.0212134 0.00999985 0.00707096 0.00999985 0.0141419 0.00999985 0.00999985 0.00999985 0.00999985 0.0212134 0.0300003 0.0282844 0.0199997 0.0400002 0.0400002 0.0300003 0.0300003 0.0212129 0.0353553 0.0400002 0.0400002 0.0353553 0.0599998 0.0424263 0.05 0.0400002 0.05 0.0565688 0.0400002 0.0300003 0.0353553 0.0199997 0.00999985 0.00999985 0.0199997 0.0141419 0.0300003 0.0299995 0.0800003 0.0400002 0.0353553 0.0400002 0.0199997 0.0400002 0.0424263 0.0565688 0.0494978 0.0599998 0.0494978 0.0424263 0.0300003
0.0353553 0.0300003 0.0141419 0.0353553 0.0300003 0.0282844 0.0212134 0.0494978 0.0636397 0.0636397 0.0636397 0.05 0.0400002 0.0282844 0.0300003 0.0141419 0.0141419 0.0300003 0.0212129 0.0300003 0.00999985 0.00999985 0 0.00999985 0 0.0141425 0.0200005 0.0200005 0.0212134 0.00999985 0.0300003 0.0300003 0.0400002 0.0400002 0.05 0.05 0.0400002 0.0400002 0.0199997 0.0199997 0.05 0.0707107 0.0599998 0.05 0.05 0.0424263 0.0565688 0.0400002 0.05 0.0400002 0.0200005 0.0141425 0 0 0.0199997 0.0400002 0.0599998 0.0636397 0.05 0.0424263 0.0424263 0.0353553 0.0353553 0.0400002 0.0400002 0.0400002 0.0299995 0.0400002 0.05 0.0636397
0.0494978 0.0400002 0.0400002 0.0400002 0.0353553 0.0400002 0.0353553 0.0494973 0.0707107 0.0707107 0.0707107 0.05 0.0565688 0.05 0.0300003 0.0212129 0.0199997 0.0212134 0.0300003 0.0282844 0.0300003 0.00707096 0.0141419 0.0212134 0.0300003 0.0200005 0.00707096 0.00999985 0.00999985 0.00707096 0.00999985 0.00999985 0.0141419 0.0282844 0.0400002 0.0400002 0.05 0.0400002 0.0300003 0.0400002 0.0400002 0.0800003 0.0900002 0.0636397 0.0400002 0.05 0.0636397 0.05 0.0353553 0.0141419 0.00707096 0.0200005 0.00999985 0.0199997 0.0353553 0.0636397 0.0707107 0.0636397 0.0707107 0.0565688 0.0353553 0.0282844 0.0300003 0.05 0.0353553 0.0400002 0.0353553 0.0424263 0.05 0.106066
0.0424263 0.0353553 0.0400002 0.0400002 0.0400002 0.0353553 0.0565688 0.0565682 0.0848531 0.0777816 0.0777816 0.0599998 0.0599998 0.0400002 0.0400002 0.0282844 0.0300003 0.0300003 0.0353553 0.0400002 0.00999985 0.00999985 0.0212134 0.0200005 0.00707096 0.00999985 0.00999985 0 0.00707096 0.00999985 0.0212134 0.0300003 0.0300003 0.0300003 0.0212129 0.0299995 0.0282844 0.0400002 0.05 0.0400002 0.0400002 0.05 0.0599998 0.0900002 0.1 0.0777816 0.0777816 0.0424263 0.0300003 0.00999985 0.0300003 0.0212134 0.0141419 0.05 0.0707107 0.0848526 0.0848526 0.0848526 0.0707107 0.0353553 0.0141419 0.0300003 0.0353553 0.0353553 0.0199997 0.00999985 0.0212134 0.0400002 0.0636397 0.106066
0.0424263 0.0400002 0.0353553 0.0400002 0.0400002 0.0353553 0.0424263 0.0494973 0.0707107 0.0707107 0.05 0.0353553 0.0300003 0.0199997 0.0212129 0.05 0.0282844 0.0400002 0.0400002 0.00999985 0.0141419 0.0199997 0.0300003 0 0.00999985 0 0 0.00707096 0.0141419 0.00999985 0.0300003 0.0141419 0.0212129 0.0282844 0.0400002 0.0300003 0.05 0.0424263 0.05 0.0400002 0.0353553 0.0400002 0.05 0.0699997 0.0599998 0.0707107 0.0777816 0.0707107 0.0424263 0.0400002 0.0353553 0.05 0.0800003 0.0989951 0.106066 0.113137 0.106066 0.0636397 0.0282844 0.0141419 0.0300003 0.0353553 0.0212129 0.0212134 0.0199997 0.00707096 0.00999985 0.0353553 0.0777816 0.0799995
0.0353553 0.0300003 0.0300003 0.0141419 0.0141419 0.0353553 0.0494978 0.0565688 0.0636397 0.0700005 0.0424263 0.0300003 0.00999985 0.0212134 0.0300003 0.0300003 0.0282844 0.0212129 0.0299995 0.0199997 0.0199997 0.0141425 0.0200005 0 0.00999985 0 0 0.00999985 0.00999985 0.0141425 0.0300003 0.0282844 0.0300003 0.0300003 0.0212129 0.0282844 0.0300003 0.0353553 0.0199997 0.0299995 0.0353553 0.0424263 0.05 0.0300003 0.0282844 0.05 0.0599998 0.0800003 0.0699997 0.05 0.0424263 0.0707107 0.0777816 0.113137 0.113137 0.0777816 0.0494978 0.0300003 0.0400002 0.0300003 0.0282844 0.0141419 0.00999985 0.0200005 0.0212134 0.0199997 0.0282844 0.0400002 0.0599998 0.0282844
0.0300003 0.00999985 0 0.00999985 0.00999985 0.0300003 0.0400002 0.05 0.0599998 0.0599998 0.0400002 0 0.00999985 0.0300003 0.00999985 0 0.0199997 0.00999985 0 0 0 0.0200005 0 0 0.00707096 0.00999985 0.0300003 0.00999985 0.00999985 0.0212134 0.0212129 0.0400002 0.0212129 0.0199997 0.0212134 0.0212134 0.00999985 0.0199997 0.0212134 0.0300003 0.0400002 0.0300003 0.00999985 0.00707096 0.0300003 0.0699997 0.0900002 0.11 0.0848526 0.0636397 0.0636397 0.0848526 0.0989951 0.106066 0.0707107 0.0400002 0.0282844 0.0199997 0.0141419 0.00999985 0.00707096 0.00999985 0.00707096 0 0.0300003 0.0212134 0.0300003 0.0353553 0.0599998 0.0300003
0.00999985 0 0 0.00999985 0.00707096 0.0300003 0.0353553 0.0636397 0.0900002 0.05 0.0424263 0.05 0.0300003 0.05 0 0.00999985 0.00707096 0.0199997 0 0 0.00999985 0.0212134 0.0400002 0.0200005 0 0.0400002 0.0400002 0.0141419 0.0199997 0.0300003 0.0199997 0.0212134 0.0299995 0.0212134 0.0300003 0.0212129 0.0199997 0.0353553 0.0300003 0.00999985 0.0212129 0.0199997 0.00999985 0.0141419 0.05 0.0707107 0.106066 0.13 0.0424263 0.0800003 0.0777816 0.0848526 0.0919241 0.0636397 0.0353553 0.0199997 0.00707096 0.00999985 0 0 0.00999985 0 0.00999985 0.00999985 0.00999985 0.0424263 0.05 0.0599998 0.0424263 0.0565688
0 0 0 0.0141419 0.0400002 0.0353553 0.0400002 0.0565688 0.0989951 0.120208 0.1 0.0800003 0.0707107 0.0777816 0.0800003 0.0300003 0.0300003 0.0424263 0.0699997 0.1 0.11 0.14 0.13 0.15 0.14 0.0900002 0 0.0300003 0.0212129 0.0353553 0.0400002 0.0400002 0.0282844 0.0353553 0.0282844 0.0300003 0.0300003 0.0400002 0.0199997 0.00999985 0.00999985 0 0 0.00999985 0.0199997 0.0599998 0.141421 0.141421 0.0599998 0.0565688 0.0900002 0.0707107 0.0636397 0.0424263 0.0599998 0.0400002 0.0400002 0.0353553 0.0141419 0 0 0.00999985 0.00999985 0.0141419 0.0282844 0.05 0.0353553 0.0424263 0.0565688 0.0636397
0.0300003 0.0300003 0.0400002 0.0400002 0.0282844 0.0400002 0.0424263 0.0565688 0.0800003 0.106066 0.14 0.12 0.13 0.12 0.11 0.11 0.1 0.1 0.11 0.12 0.14 0.13 0.15 0.13 0.15 0.155564 0.14 0.0599998 0 0.0353553 0.0353553 0.0424263 0.0800003 0.0299995 0.0200005 0.00999985 0.00999985 0.00999985 0 0 0 0 0 0 0 0.00999985 0.14 0.18 0.0777816 0.05 0.0900002 0.0777816 0.0900002 0.0900002 0.0700005 0.0565688 0.0353553 0.0300003 0.0353553 0.00707096 0.00999985 0 0.00707096 0.0353553 0.0300003 0.0424263 0.0636397 0.05 0.0707107 0.0699997
0.05 0.05 0.0400002 0.0400002 0.05 0.05 0.05 0.05 0.05 0.0700005 0.0777816 0.1 0.120208 0.15 0.14 0.14 0.12 0.12 0.14 0.15 0.15 0.15 0.13 0.15 0.162634 0.21 0.212132 0.18 0.13 0.0400002 0 0.0424263 0.0707107 0.0599998 0.0141425 0.0212134 0.0300003 0.0400002 0.05 0.0299995 0.0199997 0 0 0 0 0 0.0799995 0.19 0.169706 0.127279 0.106066 0.11 0.11 0.1 0.0848526 0.0848526 0.0707107 0.0353553 0.0400002 0.0199997 0 0.00999985 0.0141419 0.0400002 0.0353553 0.0636397 0.0777816 0.0707107 0.0800003 0.05
0.05 0.05 0.0599998 0.05 0.05 0.0400002 0.0400002 0.05 0.05 0.05 0.0700005 0.0599998 0.05 0.0848526 0.1 0.11 0.14 0.13 0.11 0.106066 0.0919241 0.0900002 0.1 0.1 0.0900002 0.13435 0.190919 0.233345 0.247487 0.2 0.18 0.0636397 0.106066 0.120208 0.13 0.11 0.0799995 0.0699997 0.0599998 0.05 0.0424263 0.0199997 0 0 0 0 0.0299995 0.12 0.155563 0.176777 0.120208 0.0919241 0.1 0.1 0.12 0.127279 0.106066 0.0707107 0.0707107 0.0282844 0 0.00707096 0.0353553 0.0353553 0.0707107 0.0707107 0.0989951 0.0919241 0.0900002 0.0700005
0.0699997 0.0699997 0.0599998 0.0599998 0.05 0.05 0.0599998 0.05 0.05 0.0599998 0.05 0.0700005 0.0599998 0.05 0.0707107 0.0800003 0.0900002 0.1 0.0900002 0.0919241 0.0799995 0.0900002 0.0900002 0.0900002 0.1 0.1 0.120208 0.176777 0.240416 0.26 0.26 0.25 0.16 0.14 0.14 0.12 0.12 0.0900002 0.0636397 0.05 0.0636397 0.0424263 0.0199997 0 0 0 0 0 0.0699997 0.13 0.120208 0.1 0.1 0.1 0.0848526 0.113137 0.13435 0.106066 0.0777816 0.0494973 0.00707096 0.0353553 0.0400002 0.0494973 0.0919241 0.0848526 0.106066 0.0707107 0.05 0.0353553
0.05 0.0800003 0.0800003 0.0599998 0.05 0.05 0.0400002 0.0599998 0.0599998 0.0599998 0.0699997 0.0599998 0.0800003 0.0599998 0.0599998 0.0799995 0.0799995 0.0900002 0.1 0.0919241 0.0900002 0.0707107 0.0900002 0.1 0.0900002 0.0900002 0.11 0.13435 0.169706 0.19 0.212132 0.240416 0.28 0.24 0.16 0.13 0.0848526 0.0919241 0.0848531 0.0700005 0.0636397 0.0565688 0.0353553 0.0299995 0.0199997 0.0199997 0 0 0.0199997 0.0800003 0.1 0.11 0.1 0.1 0.106066 0.106066 0.113137 0.120208 0.120208 0.0989951 0.0919241 0.0424263 0.0494973 0.0919241 0.0919241 0.0848526 0.0919241 0.05 0.0199997 0.0424263
0.0599998 0.0707107 0.0599998 0.05 0.05 0.0400002 0.05 0.0400002 0.05 0.05 0.05 0.0599998 0.0636397 0.0700005 0.0700005 0.0700005 0.0800003 0.0699997 0.0800003 0.1 0.14 0.17 0.16 0.18 0.21 0.19 0.17 0.17 0.16 0.16 0.16 0.15 0.162634 0.190919 0.18 0.155564 0.12 0.0848526 0.0777816 0.0777816 0.0707107 0.0707107 0.0599998 0.05 0.05 0.0353553 0.0199997 0 0 0.0299995 0.0699997 0.0900002 0.1 0.0989951 0.106066 0.113137 0.127279 0.113137 0.13435 0.120208 0.11 0.1 0.0919241 0.0919241 0.0777816 0.0848526 0.0800003 0.0282844 0.0300003 0.0494978
0.05 0.0636397 0.0636397 0.05 0.0424263 0.05 0.0299995 0.05 0.05 0.0599998 0.0800003 0.0800003 0.05 0.0599998 0.0599998 0.0599998 0.0699997 0.14 0.18 0.22 0.21 0.2 0.19 0.17 0.16 0.17 0.18 0.16 0.18 0.18 0.155563 0.155564 0.148492 0.141421 0.155563 0.155563 0.141421 0.106066 0.0777816 0.0707107 0.0707107 0.0707107 0.0636397 0.05 0.0424263 0.0353553 0.0353553 0.0199997 0.00999985 0 0 0.00999985 0.0199997 0.0599998 0.0989951 0.106066 0.120208 0.113137 0.13 0.15 0.15 0.14 0.13 0.106066 0.1 0.0900002 0.0565688 0.0300003 0.00999985 0.0400002
0.0800003 0.0636397 0.0636397 0.0800003 0.0900002 0.0699997 0.1 0.11 0.11 0.1 0.0799995 0.0707107 0.1 0.11 0.12 0.16 0.24 0.24 0.2 0.169706 0.14 0.12 0.12 0.13 0.12 0.13 0.11 0.13 0.113137 0.141421 0.162634 0.169706 0.148492 0.13435 0.141421 0.141421 0.148492 0.14 0.0900002 0.0565682 0.0636397 0.0636397 0.0636397 0.0424263 0.0565688 0.05 0.0353553 0.0300003 0.0199997 0 0 0 0 0.00999985 0.0599998 0.1 0.120208 0.113137 0.113137 0.12 0.13 0.12 0.11 0.120208 0.13435 0.15 0.12 0.0636397 0.0353553 0.0400002
0.11 0.1 0.0900002 0.0900002 0.11 0.15 0.17 0.19 0.2 0.15 0.1 0.0800003 0.0900002 0.11 0.14 0.18 0.176777 0.141421 0.14 0.14 0.12 0.13 0.13 0.11 0.12 0.11 0.11 0.1 0.1 0.0989951 0.120208 0.176777 0.190919 0.148492 0.13435 0.141421 0.141421 0.162635 0.13435 0.0900002 0.0636397 0.0636397 0.0707107 0.05 0.0353553 0.0565688 0.05 0.0400002 0.0212129 0.00999985 0 0 0 0 0.00999985 0.05 0.0900002 0.13 0.14 0.14 0.16 0.16 0.19 0.18 0.18 0.11 0.0777816 0.0777816 0.0636397 0.0565688
