src/plugins/pihm_gis/RasterProcessing/RunAllRaster/dummy
ncols         361
nrows         419
xllcenter     431330.000000
yllcenter     4412005.000000
cellsize      10.000000
nodata_value  -1
[rows 155 to 185 of 419, columns 0 to 69 of 361]
-1 -1 -1 -1 -1 -1 -1 -1 -1 -1 -1 -1 -1 -1 -1 -1 -1 -1 -1 -1 -1 -1 -1 -1 -1 -1 -1 -1 -1 -1 -1 -1 -1 -1 -1 -1 0.0300003 0.0141419 0.05 0.110001 0.1 0.1 0.1 0.1 0.12 0.13 0.15 0.18 0.17 0.120208 0.1 0.0699997 0.0800003 0.0800003 0.1 0.1 0.0899994 0.0800003 0.0848526 0.106066 0.162635 0.212132 0.226274 0.247487 0.261629 0.183848 0.176777 0.190919 0.2 0.155563
-1 -1 -1 -1 -1 -1 -1 -1 -1 -1 -1 -1 -1 -1 -1 -1 -1 -1 -1 -1 -1 -1 -1 -1 -1 -1 -1 -1 -1 -1 -1 -1 -1 -1 -1 -1 0.0353553 0.0424268 0.05 0.0600006 0.0800003 0.1 0.12 0.12 0.1 0.12 0.13 0.12 0.1 0.106066 0.0800003 0.0707107 0.0699997 0.0699997 0.0699997 0.0800003 0.0800003 0.0707107 0.106066 0.141421 0.19799 0.233345 0.268701 0.268701 0.233345 0.176777 0.176777 0.176777 0.162635 0.15
-1 -1 -1 -1 -1 -1 -1 -1 -1 -1 -1 -1 -1 -1 -1 -1 -1 -1 -1 -1 -1 -1 -1 -1 -1 -1 -1 -1 -1 -1 -1 -1 -1 -1 -1 0.0848526 0.0707107 0.0848526 0.0707107 0.0899994 0.0800003 0.1 0.1 0.12 0.13 0.15 0.17 0.13 0.106066 0.0989945 0.0848526 0.1 0.1 0.1 0.1 0.0899994 0.0848526 0.106066 0.141421 0.162635 0.233345 0.275771 0.296985 0.247487 0.190919 0.155563 0.148493 0.155563 0.141421 0.127279
-1 -1 -1 -1 -1 -1 -1 -1 -1 -1 -1 -1 -1 -1 -1 -1 -1 -1 -1 -1 -1 -1 -1 -1 -1 -1 -1 -1 -1 -1 -1 -1 -1 -1 0.0800003 0.0848526 0.0707107 0.0899994 0.12 0.1 0.0899994 0.1 0.12 0.110001 0.139999 0.15 0.13 0.106066 0.127279 0.0919241 0.1 0.1 0.1 0.1 0.1 0.110001 0.120208 0.13 0.141421 0.19799 0.282843 0.304056 0.282843 0.212132 0.162635 0.141421 0.141421 0.155563 0.155563 0.127279
-1 -1 -1 -1 -1 -1 -1 -1 -1 -1 -1 -1 -1 -1 -1 -1 -1 -1 -1 -1 -1 -1 -1 -1 -1 -1 -1 -1 -1 -1 -1 -1 -1 -1 0.05 0.0707107 0.0707107 0.0600006 0.0600006 0.0800003 0.1 0.1 0.106066 0.139999 0.13 0.1 0.0699997 0.0848526 0.1 0.0848526 0.1 0.1 0.1 0.110001 0.13 0.139999 0.13 0.155563 0.247487 0.304056 0.346482 0.296985 0.226274 0.162635 0.127279 0.13435 0.148493 0.162635 0.141421 0.106066
-1 -1 -1 -1 -1 -1 -1 -1 -1 -1 -1 -1 -1 -1 -1 -1 -1 -1 -1 -1 -1 -1 -1 -1 -1 -1 -1 -1 -1 -1 -1 -1 -1 -1 0.05 0.0707107 0.0565688 0.0699997 0.0899994 0.1 0.106066 0.120208 0.15 0.15 0.15 0.13 0.0919241 0.120208 0.106066 0.0899994 0.0800003 0.1 0.13 0.139999 0.17 0.18 0.239999 0.318198 0.360625 0.35 0.282843 0.212132 0.176777 0.141421 0.127279 0.141421 0.162635 0.155563 0.120208 0.0848526
-1 -1 -1 -1 -1 -1 -1 -1 -1 -1 -1 -1 -1 -1 -1 -1 -1 -1 -1 -1 -1 -1 -1 -1 -1 -1 -1 -1 -1 -1 -1 -1 -1 -1 0.05 0.0899994 0.1 0.1 0.106066 0.12 0.13 0.13 0.13 0.13 0.1 0.0800003 0.0919241 0.110001 0.15 0.160001 0.18 0.18 0.2 0.23 0.210001 0.261629 0.318198 0.37 0.3 0.190919 0.19799 0.190919 0.15 0.141421 0.155563 0.169705 0.155563 0.120208 0.0848526 0.0777822
-1 -1 -1 -1 -1 -1 -1 -1 -1 -1 -1 -1 -1 -1 -1 -1 -1 -1 -1 -1 -1 -1 -1 -1 -1 -1 -1 -1 -1 -1 -1 -1 -1 0.0800003 0.0707107 0.1 0.12 0.12 0.13 0.13 0.13 0.12 0.1 0.0699997 0.0800003 0.0899994 0.106066 0.12 0.13 0.15 0.17 0.17 0.15 0.15 0.190919 0.233345 0.247487 0.2 0.18 0.2 0.2 0.176777 0.148493 0.169705 0.162635 0.141421 0.106066 0.0919241 0.0777822 0.0777822
-1 -1 -1 -1 -1 -1 -1 -1 -1 -1 -1 -1 -1 -1 -1 -1 -1 -1 -1 -1 -1 -1 -1 -1 -1 -1 -1 -1 -1 -1 -1 -1 0.05 0.0699997 0.0800003 0.0800003 0.0800003 0.1 0.106066 0.1 0.1 0.106066 0.12 0.110001 0.0899994 0.0800003 0.1 0.12 0.12 0.12 0.12 0.13 0.120208 0.141421 0.190919 0.226274 0.226274 0.183848 0.190919 0.2 0.17 0.162635 0.155563 0.155563 0.13 0.1 0.0777822 0.0777822 0.0707107 0.0707107
-1 -1 -1 -1 -1 -1 -1 -1 -1 -1 -1 -1 -1 -1 -1 -1 -1 -1 -1 -1 -1 -1 -1 -1 -1 -1 -1 -1 -1 -1 -1 -1 0.05 0.05 0.0699997 0.0800003 0.1 0.1 0.106066 0.1 0.106066 0.110001 0.1 0.0899994 0.0800003 0.0707107 0.0800003 0.0800003 0.12 0.12 0.110001 0.1 0.113138 0.148493 0.190919 0.219204 0.219204 0.18 0.15 0.127279 0.141421 0.15 0.13 0.106066 0.0848526 0.0707107 0.0848526 0.0848526 0.0707107 0.0636397
-1 -1 -1 -1 -1 -1 -1 -1 -1 -1 -1 -1 -1 -1 -1 -1 -1 -1 -1 -1 -1 -1 -1 -1 -1 -1 -1 -1 -1 -1 -1 0.05 0.05 0.0800003 0.0800003 0.0899994 0.1 0.1 0.106066 0.1 0.0899994 0.0699997 0.05 0.0600006 0.0699997 0.0800003 0.1 0.1 0.0800003 0.1 0.1 0.120208 0.139999 0.169705 0.205061 0.219204 0.169705 0.0989945 0.106066 0.120208 0.120208 0.1 0.0848526 0.0800003 0.0707107 0.0565688 0.0707107 0.0636397 0.0494978 0.0400002
-1 -1 -1 -1 -1 -1 -1 -1 -1 -1 -1 -1 -1 -1 -1 -1 -1 -1 -1 -1 -1 -1 -1 -1 -1 -1 -1 -1 -1 -1 0.0800003 0.1 0.0699997 0.05 0.0707107 0.0800003 0.0848526 0.1 0.0848526 0.0707107 0.0800003 0.0699997 0.0600006 0.0699997 0.0600006 0.0699997 0.0699997 0.0707107 0.1 0.1 0.1 0.127279 0.148493 0.176777 0.212132 0.162635 0.106066 0.0919241 0.106066 0.0989945 0.0848526 0.0707107 0.0707107 0.0707107 0.0699997 0.0707107 0.0699997 0.0494978 0.0353553 0.0353553
-1 -1 -1 -1 -1 -1 -1 -1 -1 -1 -1 -1 -1 -1 -1 -1 -1 -1 -1 -1 -1 -1 -1 -1 -1 -1 -1 -1 -1 0.0699997 0.0800003 0.05 0.05 0.05 0.0707107 0.0707107 0.0800003 0.0565688 0.0699997 0.0565688 0.05 0.05 0.05 0.05 0.0699997 0.0800003 0.0800003 0.1 0.0707107 0.0919241 0.120208 0.141421 0.127279 0.141421 0.15 0.106066 0.106066 0.0989945 0.0848526 0.0777822 0.0777822 0.0707107 0.0707107 0.0707107 0.0565688 0.0600006 0.0424268 0.0400002 0.0353553 0.0300003
-1 -1 -1 -1 -1 -1 -1 -1 -1 -1 -1 -1 -1 -1 -1 -1 -1 -1 -1 -1 -1 -1 -1 -1 -1 -1 -1 -1 0.0494973 0.0353553 0.0399994 0.05 0.0494973 0.0565688 0.0707107 0.0565688 0.05 0.0565688 0.05 0.0565688 0.05 0.05 0.05 0.05 0.0699997 0.0800003 0.0800003 0.0800003 0.1 0.1 0.106066 0.106066 0.106066 0.120208 0.120208 0.0989945 0.0919241 0.0848526 0.0777822 0.0919241 0.0848526 0.0707107 0.0707107 0.05 0.0494978 0.0400002 0.0353553 0.0353553 0.0400002 0.0353553
-1 -1 -1 -1 -1 -1 -1 -1 -1 -1 -1 -1 -1 -1 -1 -1 -1 -1 -1 -1 -1 -1 -1 -1 -1 -1 -1 -1 0.05 0.0353553 0.0300003 0.0300003 0.0494973 0.0565688 0.0636392 0.0565688 0.05 0.0565688 0.05 0.0565688 0.05 0.05 0.0707107 0.0800003 0.0800003 0.0699997 0.0899994 0.0707107 0.0800003 0.0707107 0.0848526 0.0707107 0.0919241 0.106066 0.106066 0.0848526 0.0919241 0.0848526 0.0777822 0.0848526 0.0707107 0.0565688 0.0636397 0.0500008 0.0424263 0.0424263 0.05 0.0353553 0.0353553 0.0400002
-1 -1 -1 -1 -1 -1 -1 -1 -1 -1 -1 -1 -1 -1 -1 -1 -1 -1 -1 -1 -1 -1 -1 -1 -1 -1 -1 -1 0.0353553 0.05 0.0212134 0.0300003 0.0600006 0.0565688 0.0636392 0.0565688 0.05 0.0565688 0.05 0.0565688 0.05 0.0565688 0.0707107 0.0636392 0.0699997 0.0699997 0.05 0.0600006 0.0565688 0.0707107 0.0707107 0.0848526 0.0919241 0.0989945 0.0919241 0.0848526 0.0919241 0.0848526 0.0777822 0.0848526 0.0707107 0.0565688 0.05 0.0353553 0.0400002 0.0353553 0.0282844 0.0400002 0.0353553 0.0282844
-1 -1 -1 -1 -1 -1 -1 -1 -1 -1 -1 -1 -1 -1 -1 -1 -1 -1 -1 -1 -1 -1 -1 -1 -1 -1 -1 -1 0.0494973 0.0565688 0.0353553 0.0399994 0.05 0.0565688 0.0636392 0.0565688 0.0565688 0.0600006 0.0565688 0.0707107 0.0707107 0.0800003 0.0848526 0.0899994 0.0600006 0.0600006 0.0600006 0.05 0.0565688 0.0636392 0.0707107 0.0848526 0.0919241 0.0989945 0.0919241 0.0848526 0.0800003 0.0707107 0.0707107 0.0707107 0.0565688 0.0353553 0.0353553 0.0424263 0.0353553 0.0400002 0.0353553 0.0424263 0.05 0.0300003
-1 -1 -1 -1 -1 -1 -1 -1 -1 -1 -1 -1 -1 -1 -1 -1 -1 -1 -1 -1 -1 -1 -1 -1 -1 -1 -1 -1 0.0494973 0.0353553 0.0353553 0.0424268 0.05 0.0565688 0.0636392 0.0565688 0.0707107 0.0699997 0.0707107 0.0848526 0.0800003 0.0848526 0.0899994 0.0800003 0.0899994 0.0699997 0.0699997 0.0699997 0.05 0.0636392 0.0707107 0.0777822 0.0919241 0.0848526 0.0919241 0.0848526 0.0777822 0.0848526 0.0707107 0.0707112 0.05 0.0353553 0.0494978 0.0400002 0.0494978 0.05 0.05 0.0400002 0.0199997 0.0199997
-1 -1 -1 -1 -1 -1 -1 -1 -1 -1 -1 -1 -1 -1 -1 -1 -1 -1 -1 -1 -1 -1 -1 -1 -1 -1 -1 -1 0.0565688 0.05 0.0565688 0.05 0.0494973 0.05 0.0636392 0.0565688 0.0707107 0.0707107 0.0919241 0.1 0.0848526 0.0899994 0.0919241 0.1 0.0800003 0.0707107 0.0699997 0.05 0.0707107 0.0800003 0.0919241 0.0919241 0.0989945 0.0848526 0.0800003 0.0707107 0.0707107 0.0707107 0.0636397 0.0700005 0.0424263 0.0494978 0.0494973 0.0424263 0.05 0.0353553 0.0400002 0.0400002 0.0300003 0.0300003
-1 -1 -1 -1 -1 -1 -1 -1 -1 -1 -1 -1 -1 -1 -1 -1 -1 -1 -1 -1 -1 -1 -1 -1 -1 -1 -1 0.05 0.0600006 0.05 0.05 0.0353553 0.0424268 0.0494973 0.0565688 0.0565688 0.0848526 0.106066 0.1 0.0707107 0.0800003 0.0707107 0.0848526 0.0699997 0.0699997 0.1 0.0800003 0.1 0.0800003 0.0848526 0.0989945 0.0707107 0.0848526 0.0707107 0.0777822 0.0848526 0.0707107 0.0707107 0.0636397 0.0565688 0.05 0.0494973 0.0494973 0.0494978 0.0424263 0.0400002 0.0353553 0.0400002 0.0400002 0.0400002
-1 -1 -1 -1 -1 -1 -1 -1 -1 -1 -1 -1 -1 -1 -1 -1 -1 -1 -1 -1 -1 -1 -1 -1 -1 -1 -1 0.05 0.05 0.05 0.0353553 0.0494973 0.05 0.0636392 0.0565688 0.0848526 0.106066 0.106066 0.0707107 0.0800003 0.0707107 0.0848526 0.0919241 0.0800003 0.1 0.0800003 0.1 0.1 0.1 0.1 0.0800003 0.0707107 0.0848526 0.0707107 0.0777822 0.0707107 0.0565688 0.0699997 0.0565688 0.0565682 0.0565682 0.0636397 0.0565688 0.0424263 0.0424263 0.0400002 0.0400002 0.0199997 0.0199997 0.0199997
-1 -1 -1 -1 -1 -1 -1 -1 -1 -1 -1 -1 -1 -1 -1 -1 -1 -1 -1 -1 -1 -1 -1 -1 -1 -1 -1 -1 0.0699997 0.05 0.05 0.0353553 0.0494973 0.0565688 0.0565688 0.0707107 0.0800003 0.0699997 0.0565688 0.05 0.0707107 0.0848526 0.0919241 0.0848526 0.1 0.12 0.1 0.1 0.1 0.0800003 0.0707107 0.0707107 0.0707107 0.0707107 0.0707107 0.0636392 0.0636392 0.0707107 0.0707107 0.0707107 0.0636397 0.0565688 0.0636397 0.05 0.0400002 0.0282844 0.0300003 0.0400002 0.0400002 0.0300003
-1 -1 -1 -1 -1 -1 -1 -1 -1 -1 -1 -1 -1 -1 -1 -1 -1 -1 -1 -1 -1 -1 -1 -1 -1 -1 -1 -1 -1 0.05 0.05 0.05 0.0565688 0.0565688 0.0565688 0.05 0.0699997 0.0600006 0.0699997 0.0494973 0.0707107 0.0707107 0.0777822 0.0636392 0.05 0.05 0.0699997 0.0699997 0.0699997 0.0800003 0.0800003 0.0707107 0.0707107 0.0707107 0.0707107 0.0707107 0.0707112 0.0777822 0.0707107 0.0707107 0.0636397 0.0636397 0.05 0.0282844 0.0300003 0.0300003 0.0141419 0.00999985 0.00999985 0.0199997
-1 -1 -1 -1 -1 -1 -1 -1 -1 -1 -1 -1 -1 -1 -1 -1 -1 -1 -1 -1 -1 -1 -1 -1 -1 -1 -1 -1 -1 0.0199997 0.0212134 0.0494973 0.0565688 0.0565688 0.0494973 0.0494973 0.0600006 0.0699997 0.05 0.0699997 0.0565688 0.0565688 0.0600006 0.0399994 0.0212134 0.0353553 0.05 0.05 0.0565688 0.0699997 0.05 0.0565688 0.0565688 0.0636392 0.0707107 0.0707112 0.0777822 0.0777816 0.0707107 0.0777816 0.0636397 0.0424263 0.0282844 0.0300003 0.0141419 0.0141419 0.0199997 0.0212134 0.0300003 0.0300003
-1 -1 -1 -1 -1 -1 -1 -1 -1 -1 -1 -1 -1 -1 -1 -1 -1 -1 -1 -1 -1 -1 -1 -1 -1 -1 -1 -1 -1 -1 0.0353553 0.0494973 0.0565688 0.0565688 0.0636392 0.0565688 0.05 0.05 0.05 0.0800003 0.0699997 0.05 0.05 0.0300003 0.0199997 0.0199997 0.0212134 0.0353553 0.0565688 0.05 0.0699997 0.0600006 0.05 0.0636392 0.0707112 0.0707112 0.0777816 0.0707107 0.0707107 0.0707107 0.0424263 0.0353553 0.0300003 0.0141419 0.0141419 0.0212134 0.0212134 0.0300003 0.00999985 0.00999985
-1 -1 -1 -1 -1 -1 -1 -1 -1 -1 -1 -1 -1 -1 -1 -1 -1 -1 -1 -1 -1 -1 -1 -1 -1 -1 -1 -1 -1 -1 0.0353553 0.0565688 0.0565688 0.0494973 0.0636392 0.05 0.0353553 0.05 0.05 0.0600006 0.0899994 0.05 0.0300003 0.0212134 0.0300003 0.0199997 0.0424268 0.0565688 0.0600006 0.05 0.05 0.05 0.05 0.0707112 0.0707112 0.0707107 0.0777816 0.0707107 0.0707107 0.05 0.0353553 0.0300003 0.0141419 0.0282844 0.0300003 0.0300003 0.0141419 0.0141419 0.0199997 0.0141419
-1 -1 -1 -1 -1 -1 -1 -1 -1 -1 -1 -1 -1 -1 -1 -1 -1 -1 -1 -1 -1 -1 -1 -1 -1 -1 -1 -1 -1 -1 0.0199997 0.05 0.0494973 0.0494973 0.05 0.0212134 0.0199997 0.0300003 0.0399994 0.0424268 0.0848526 0.0707107 0.0707107 0.0699997 0.0565688 0.05 0.0800003 0.0848526 0.0699997 0.0699997 0.0600006 0.0636397 0.0700005 0.0777822 0.0707107 0.0777816 0.0707107 0.0707107 0.05 0.0282844 0.0300003 0.0141419 0.0282844 0.0212134 0.0141419 0.0141419 0.0199997 0.00999985 0.0141425 0.0300003
-1 -1 -1 -1 -1 -1 -1 -1 -1 -1 -1 -1 -1 -1 -1 -1 -1 -1 -1 -1 -1 -1 -1 -1 -1 -1 -1 -1 -1 -1 0.0300003 0.0699997 0.05 0.0353553 0.0300003 0.0199997 0 0.0212134 0.0494973 0.0707107 0.106066 0.12 0.1 0.0848526 0.0707107 0.0707107 0.110001 0.12 0.0565688 0.0600006 0.05 0.0707107 0.0599998 0.0777816 0.0707107 0.0707107 0.0636397 0.0599998 0.0282844 0.0212134 0.0212129 0.0282844 0.0212134 0.0141419 0.0141419 0.0212134 0.0212134 0.0300003 0.0300003 0.00999985
-1 -1 -1 -1 -1 -1 -1 -1 -1 -1 -1 -1 -1 -1 -1 -1 -1 -1 -1 -1 -1 -1 -1 -1 -1 -1 -1 -1 -1 -1 0.0282838 0.0494973 0.0800003 0.0399994 0.0070715 0.0212134 0.0300003 0.0300003 0.0300003 0.05 0.0707107 0.0919241 0.120208 0.106066 0.1 0.0707107 0.15 0.160001 0.05 0.0353553 0.05 0.0636397 0.0707107 0.0848531 0.0800003 0.05 0.05 0.0353553 0.0300003 0.0141419 0.0282844 0.0212134 0.0141419 0.0141419 0.0212134 0.0212134 0.00999985 0 0.00707096 0.0141419
-1 -1 -1 -1 -1 -1 -1 -1 -1 -1 -1 -1 -1 -1 -1 -1 -1 -1 -1 -1 -1 -1 -1 -1 -1 -1 -1 -1 -1 0.0300003 0.0353553 0.05 0.0212134 0.0353553 0.0199997 0 0 0.0199997 0.0399994 0.05 0.05 0.0699997 0.0919241 0.106066 0.120208 0.1 0.15 0.15 0.0600006 0.05 0.0707107 0.0848531 0.0800003 0.0707107 0.0599998 0.0599998 0.0494978 0.0300003 0.0141419 0.0282844 0.0300003 0.0141419 0.0282844 0.0300003 0.0300003 0.0141419 0.00999985 0.0141419 0.0282844 0.0300003
-1 -1 -1 -1 -1 -1 -1 -1 -1 -1 -1 -1 -1 -1 -1 -1 -1 -1 -1 -1 -1 -1 -1 -1 -1 -1 -1 -1 -1 0.0212134 0.0399994 0.0353553 0.0353553 0.0565688 0.0353553 0.0199997 0.0399994 0.0353553 0.0600006 0.0424268 0.05 0.0353553 0.0636392 0.0919241 0.15 0.1 0.15 0.15 0.0800003 0.0707107 0.0919241 0.0707107 0.0599998 0.05 0.0353553 0.0400002 0.0400002 0.0212129 0.0282844 0.0300003 0.0212129 0.0282844 0.0300003 0.0141419 0.0141419 0.0199997 0.0212134 0.0300003 0.0300003 0.0141419
