src/plugins/pihm_gis/RasterProcessing/RunAllRaster/dummy
ncols         361
nrows         419
xllcenter     431330.000000
yllcenter     4412005.000000
cellsize      10.000000
nodata_value  -1
[rows 310 to 340 of 419, columns 70 to 139 of 361]
-1 -1 -1 -1 -1 -1 -1 -1 -1 0.0399994 0.0399994 0.0353553 0.0353553 0.05 0.0353553 0.05 0.0707107 0.0777822 0.0800003 0.0800003 0.0699997 0.0565688 0.0707107 0.0707107 0.0707107 0.1 0.0989945 0.106066 0.106066 0.0989945 0.120208 0.13435 0.113137 0.1 0.0900002 0.11 0.0919241 0.0989951 0.106066 0.0919241 0.0848526 0.15 0.14 0.0900002 0.11 0.1 0.0636397 0.0636397 0.0636397 0.0636397 0.0565682 0.0636397 0.0636397 0.05 0.05 0.0400002 0.0199997 0.0400002 0.0199997 0.0300003 0.0282844 0.0300003 0.00999985 0.0300003 0.0353553 0.0424263 0.0565688 0.0636397 0.0599998 0.0636397
-1 -1 -1 -1 -1 -1 -1 -1 0.0353553 0.0353553 0.05 0.0494973 0.05 0.05 0.05 0.05 0.0565688 0.0707107 0.0636392 0.0707107 0.1 0.0800003 0.0707107 0.0565688 0.05 0.0699997 0.1 0.141421 0.141422 0.127279 0.148493 0.127279 0.113137 0.0919241 0.0707107 0.0800003 0.0707107 0.0989951 0.113137 0.1 0.0800003 0.16 0.14 0.11 0.11 0.0900002 0.0800003 0.0599998 0.0707107 0.0707107 0.0707107 0.0700005 0.05 0.0282844 0.0300003 0.0400002 0.0141419 0.0400002 0.0299995 0.0300003 0.0400002 0.0199997 0 0.00999985 0.0300003 0.0282844 0.0424263 0.0700005 0.0636397 0.0800003
-1 -1 -1 -1 -1 -1 -1 -1 0.0353553 0.0353553 0.0353553 0.0565688 0.05 0.0565688 0.0699997 0.05 0.05 0.0699997 0.0565688 0.0707107 0.0707107 0.1 0.0800003 0.0699997 0.0636392 0.0707107 0.169705 0.226274 0.162635 0.155563 0.169706 0.14 0.120208 0.0989951 0.0900002 0.0636397 0.05 0.05 0.120208 0.141421 0.113137 0.18 0.15 0.120208 0.113137 0.0900002 0.0777816 0.0777816 0.0848531 0.0707107 0.05 0.00999985 0.0199997 0.0200005 0.00707096 0.0353553 0.0400002 0.0353553 0.05 0.0400002 0.0400002 0.0212129 0.00999985 0.0141419 0.0141419 0.0300003 0.05 0.05 0.0599998 0.0599998
-1 -1 -1 -1 -1 -1 -1 -1 0.0353553 0.0353553 0.0494973 0.0565688 0.05 0.0565688 0.05 0.0699997 0.05 0.0707107 0.176777 0.17 0.13 0.1 0.0800003 0.0600006 0.0848526 0.162635 0.268701 0.233345 0.190919 0.17 0.162635 0.15 0.13 0.11 0.0799995 0.0800003 0.0599998 0.13435 0.205061 0.162635 0.141421 0.155563 0.176777 0.148492 0.0989951 0.0636397 0.0800003 0.0599998 0.0800003 0.0599998 0 0 0.0141419 0.0282844 0.0400002 0.0300003 0.0282844 0.05 0.05 0.05 0.0400002 0.0299995 0.0141425 0.0300003 0.0282844 0.0199997 0.0282844 0.05 0.05 0.0424263
-1 -1 -1 -1 -1 -1 -1 -1 0.0399994 0.0494973 0.0707107 0.0565688 0.05 0.0565688 0.0565688 0.0600006 0.106066 0.176777 0.233345 0.13 0.15 0.17 0.17 0.17 0.226274 0.27 0.268701 0.226275 0.19799 0.183848 0.19 0.16 0.15 0.15 0.13 0.120208 0.176777 0.233345 0.2 0.148492 0.148492 0.176777 0.226275 0.14 0.0800003 0.0565688 0.05 0.0599998 0.0800003 0.0424263 0.05 0.0599998 0.0599998 0.0800003 0.0800003 0.0636397 0.05 0.0353553 0.0636397 0.0707107 0.0636397 0.0599998 0.0200005 0.00707096 0.0300003 0.0300003 0.0300003 0.00999985 0.0300003 0.0353553
-1 -1 -1 -1 -1 -1 -1 -1 0.0212134 0.0494973 0.05 0.0353553 0.0494973 0.0565688 0.0707107 0.106066 0.141421 0.148493 0.162635 0.155563 0.190919 0.250001 0.29 0.3 0.27 0.219204 0.226274 0.212132 0.190919 0.169706 0.141421 0.15 0.15 0.15 0.17 0.2 0.19 0.15 0.13435 0.13435 0.148492 0.169706 0.19 0.05 0.0199997 0.0300003 0.00999985 0.05 0.0636397 0.0700005 0.0900002 0.0900002 0.13 0.12 0.12 0.16 0.14 0.1 0.0707107 0.0707107 0.106066 0.106066 0.0800003 0.00999985 0 0 0 0.00707096 0.00999985 0.0400002
-1 -1 -1 -1 -1 -1 -1 0.0199997 0.0282838 0.05 0.0353553 0.0494973 0.0565688 0.0565688 0.0848526 0.120208 0.106066 0.120208 0.13435 0.162635 0.212133 0.2 0.21 0.22 0.21 0.176777 0.176777 0.176777 0.148492 0.13435 0.141421 0.14 0.14 0.12 0.13 0.1 0.106066 0.106066 0.120208 0.120208 0.148492 0.155564 0.12 0.0400002 0 0.0400002 0 0.0353553 0.05 0.0699997 0.1 0.11 0.11 0.13 0.15 0.2 0.26 0.3 0.24 0.2 0.15 0.169706 0.190919 0.15 0.0800003 0.0300003 0 0.00999985 0 0.00999985
-1 -1 -1 -1 -1 -1 -1 0.0141419 0.0212134 0.0353553 0.05 0.05 0.05 0.05 0.0707107 0.1 0.0707107 0.0989945 0.106066 0.160001 0.19 0.0777816 0.0800003 0.0799995 0.106066 0.15 0.155563 0.148492 0.13435 0.127279 0.106066 0.0707107 0.0800003 0.0848531 0.0900002 0.0900002 0.0777816 0.0848526 0.106066 0.127279 0.13435 0.12 0.0599998 0.00707096 0.00999985 0.0424263 0.0900002 0.1 0.1 0.1 0.11 0.17 0.2 0.27 0.33 0.3 0.26 0.28 0.31 0.33 0.34 0.32 0.26163 0.24 0.22 0.17 0.13 0.05 0.00999985 0.00999985
-1 -1 -1 -1 -1 -1 -1 0.0212134 0.0212134 0.0399994 0.0353553 0.05 0.0699997 0.05 0.0800003 0.0800003 0.0899994 0.1 0.1 0.160001 0.16 0.0900002 0.0636397 0.0707107 0.0848526 0.106066 0.13435 0.13435 0.127279 0.0989951 0.0707107 0.0707107 0.0599998 0.0707107 0.0599998 0.0707107 0.0848531 0.0800003 0.0919241 0.106066 0.1 0.0699997 0.0212134 0.05 0.1 0.13 0.12 0.13 0.14 0.18 0.2 0.2 0.24 0.25 0.25 0.26 0.29 0.31 0.35 0.31 0.26 0.261629 0.268701 0.240416 0.25 0.21 0.162635 0.113137 0.0800003 0.0212129
-1 -1 -1 -1 -1 -1 -1 0.0212134 0.0199997 0.0199997 0.05 0.05 0.0600006 0.0636392 0.0699997 0.0699997 0.110001 0.0899994 0.110001 0.17 0.15 0.106066 0.0989951 0.0777816 0.0848531 0.106066 0.141421 0.13435 0.0900002 0.05 0.05 0.0707107 0.0707107 0.0800003 0.0707107 0.0800003 0.05 0.0424263 0.0800003 0.1 0.0699997 0.0353553 0.13 0.23 0.23 0.21 0.19 0.18 0.19 0.17 0.2 0.21 0.226274 0.247487 0.25 0.28 0.3 0.35 0.3 0.3 0.3 0.282843 0.261629 0.26 0.275772 0.282843 0.212132 0.148492 0.127279 0.0800003
-1 -1 -1 -1 -1 -1 -1 0.0282838 0.0212134 0.0353553 0.05 0.05 0.0707107 0.0899994 0.05 0.0565688 0.110001 0.12 0.1 0.18 0.141421 0.155563 0.120208 0.0900002 0.0707107 0.127279 0.13 0.0900002 0.0299995 0.0400002 0.0300003 0.1 0.0599998 0.0199997 0.0300003 0 0.0199997 0.0300003 0.0400002 0.0777816 0.127279 0.26 0.28 0.240416 0.21 0.19 0.2 0.22 0.23 0.25 0.212132 0.183848 0.226274 0.254558 0.23 0.25 0.25 0.19799 0.212132 0.205061 0.190919 0.233345 0.212132 0.19799 0.19799 0.268701 0.275772 0.183848 0.141421 0.106066
-1 -1 -1 -1 -1 -1 -1 0.0353553 0.0353553 0.0399994 0.0494973 0.0777822 0.0899994 0.0565688 0.0565688 0.0800003 0.106066 0.12 0.127279 0.2 0.190919 0.176777 0.0919241 0.05 0.0707107 0.12 0.0800003 0.05 0.0141419 0.0353553 0.0494978 0.14 0.0799995 0 0.0212134 0.0300003 0.0212129 0.0300003 0.0353553 0.0800003 0.15 0.21 0.240416 0.2 0.17 0.16 0.16 0.18 0.19 0.18 0.15 0.15 0.212132 0.240416 0.205061 0.162635 0.13 0.148492 0.148492 0.141421 0.148492 0.162635 0.162634 0.190919 0.183848 0.212132 0.247487 0.25 0.13435 0.106066
-1 -1 -1 -1 -1 -1 -1 0.0565688 0.05 0.0565688 0.0919241 0.0919241 0.0848526 0.0707107 0.0848526 0.120208 0.13435 0.127279 0.176777 0.205061 0.212132 0.13 0.0400002 0.0212129 0.0599998 0.0900002 0.05 0.0353553 0.0400002 0.05 0.0636397 0.155564 0.162634 0.16 0.11 0.0699997 0.0800003 0.0636397 0.1 0.12 0.19 0.226275 0.176777 0.13 0.13 0.15 0.19 0.2 0.18 0.13 0.11 0.13435 0.226275 0.212132 0.106066 0.0300003 0.0424263 0.0800003 0.113137 0.11 0.113137 0.127279 0.113137 0.141421 0.148492 0.176777 0.25 0.24 0.15 0.11
-1 -1 -1 -1 -1 0.05 0.0565688 0.0707107 0.0919241 0.110001 0.12 0.1 0.0848526 0.0919241 0.120208 0.141421 0.148493 0.183848 0.212132 0.226275 0.2 0.0599998 0.0300003 0.0199997 0.0400002 0.0636397 0.0636397 0.0599998 0.0599998 0.0599998 0.0599998 0.0919241 0.113137 0.113137 0.1 0.1 0.1 0.11 0.13 0.15 0.176777 0.176777 0.148492 0.12 0.11 0.1 0.106066 0.0989951 0.0699997 0.0800003 0.1 0.162635 0.176777 0.0848526 0.0424263 0.0282844 0.05 0.0636397 0.1 0.1 0.0900002 0.1 0.0799995 0.1 0.14 0.15 0.24 0.25 0.17 0.0919241
-1 -1 -1 -1 -1 0.0353553 0.0707107 0.106066 0.127279 0.12 0.110001 0.1 0.120208 0.148493 0.169705 0.176777 0.190919 0.212132 0.176777 0.19 0.11 0.0199997 0.0212134 0.0212129 0.0424263 0.0636397 0.0636397 0.0800003 0.0599998 0.05 0.05 0.0636397 0.0777816 0.0848526 0.0777816 0.1 0.11 0.12 0.0636397 0.0848526 0.120208 0.17 0.113137 0.0900002 0.0800003 0.0800003 0.0707107 0.0424263 0.0300003 0.0599998 0.0900002 0.13435 0.0707107 0.0424263 0.0494978 0.0494978 0.0565682 0.0707107 0.0707107 0.0900002 0.0900002 0.0799995 0.0900002 0.1 0.14 0.15 0.21 0.24 0.2 0.0707107
-1 -1 -1 -1 -1 0.0353553 0.0565688 0.0919241 0.0848526 0.0707107 0.0699997 0.106066 0.155563 0.155564 0.141421 0.162635 0.183848 0.141421 0.1 0.14 0.0424263 0.0353553 0.05 0.0700005 0.0800003 0.0707107 0.0800003 0.0636397 0.0700005 0.0599998 0.0599998 0.0900002 0.0989951 0.106066 0.12 0.1 0.0800003 0.0707107 0.0599998 0.0707107 0.1 0.11 0.0900002 0.0599998 0.05 0.05 0.05 0.0400002 0.0282844 0.0353553 0.0424263 0.05 0.0424263 0.05 0.0599998 0.0636397 0.0599998 0.0707107 0.0700005 0.0599998 0.0707107 0.1 0.0919241 0.1 0.14 0.15 0.2 0.2 0.19 0.1
-1 -1 -1 -1 0.0282838 0.0494973 0.0777822 0.1 0.0699997 0.05 0.0494973 0.106066 0.106066 0.0919241 0.113137 0.141421 0.13 0.0599998 0.0800003 0.0707107 0.0494973 0.0699997 0.0699997 0.0799995 0.0707107 0.0900002 0.0707107 0.0599998 0.0599998 0.05 0.0700005 0.0707107 0.11 0.14 0.12 0.0900002 0.0636397 0.0636397 0.0800003 0.0636397 0.0919241 0.0707107 0.1 0.05 0.05 0.0299995 0.0353553 0.0300003 0.0300003 0.0282844 0.0141419 0.0400002 0.05 0.05 0.0700005 0.0700005 0.05 0.0707107 0.0636397 0.0707107 0.0919241 0.1 0.1 0.0900002 0.12 0.14 0.19 0.17 0.162635 0.13
-1 -1 -1 -1 0.0212134 0.05 0.0600006 0.0699997 0.05 0.0699997 0.05 0.1 0.0800003 0.0800003 0.1 0.1 0.0699997 0.0400002 0.0565688 0.0707107 0.0599998 0.0900002 0.1 0.1 0.11 0.1 0.1 0.0800003 0.0565688 0.05 0.0599998 0.0800003 0.0900002 0.0989951 0.106066 0.0777816 0.0636397 0.0599998 0.1 0.1 0.0989951 0.0848526 0.0707107 0.0599998 0.05 0.0300003 0.0212134 0.0199997 0.0212134 0.0300003 0.0400002 0.05 0.0599998 0.0599998 0.05 0.05 0.0636397 0.0707107 0.0636397 0.0919241 0.0989951 0.113137 0.106066 0.0919236 0.13 0.1 0.19 0.16 0.16 0.13
-1 -1 -1 -1 0.0300003 0.0399994 0.0600006 0.05 0.05 0.0699997 0.0699997 0.1 0.0600006 0.11 0.11 0.0900002 0.05 0.0353553 0.0424263 0.0636397 0.1 0.0900002 0.1 0.13 0.13 0.14 0.120208 0.120208 0.11 0.13 0.11 0.0848526 0.0599998 0.0900002 0.0707107 0.0636397 0.0565688 0.0700005 0.0494978 0.05 0.0636397 0.0707107 0.0636397 0.0636397 0.0565688 0.0282844 0.00999985 0.00999985 0.0300003 0.0424263 0.05 0.0599998 0.0599998 0.0599998 0.0599998 0.0599998 0.0636397 0.0565682 0.0919241 0.106066 0.106066 0.113137 0.106066 0.113137 0.120208 0.120208 0.19 0.17 0.15 0.13
-1 -1 -1 -1 0.0300003 0.05 0.0399994 0.05 0.05 0.0600006 0.0899994 0.0800003 0.0699997 0.110001 0.12 0.0800003 0.05 0.0282844 0.0212134 0.05 0.0800003 0.0799995 0.1 0.0777816 0.0900002 0.106066 0.13 0.141421 0.15 0.16 0.15 0.14 0.1 0.12 0.0800003 0.0424263 0.0400002 0.05 0.05 0.0353553 0.0424263 0.05 0.05 0.0700005 0.0494973 0.0300003 0.0300003 0.00999985 0.0424263 0.0707107 0.05 0.0400002 0.05 0.0599998 0.0599998 0.05 0.0707107 0.0848526 0.120208 0.113137 0.113137 0.113137 0.127279 0.13435 0.120208 0.127279 0.16 0.15 0.15 0.14
-1 -1 -1 -1 0.05 0.05 0.05 0.0353553 0.05 0.0699997 0.0800003 0.1 0.0699997 0.110001 0.11 0.0900002 0.0400002 0.0212129 0.0299995 0.0599998 0.0707107 0.0900002 0.1 0.1 0.1 0.0900002 0.0919241 0.106066 0.11 0.1 0.1 0.1 0.113137 0.19 0.0799995 0.0353553 0.05 0.0299995 0.0299995 0.0299995 0.0424263 0.0707107 0.0848531 0.0707107 0.0494973 0.0353553 0.0353553 0.0400002 0.0636397 0.0800003 0.0353553 0.0424263 0.05 0.0700005 0.0900002 0.11 0.13 0.120208 0.13435 0.113137 0.0989951 0.106066 0.106066 0.120208 0.113137 0.127279 0.141421 0.15 0.15 0.14
-1 -1 -1 0.0353553 0.05 0.05 0.05 0.05 0.05 0.05 0.1 0.0800003 0.0899994 0.110001 0.14 0.0599998 0.0282844 0.0400002 0.0800003 0.0919241 0.1 0.106066 0.106066 0.12 0.1 0.1 0.1 0.1 0.12 0.1 0.0900002 0.0848531 0.106066 0.205061 0.2 0.13 0.0699997 0.0900002 0.0800003 0.05 0.0636397 0.0848526 0.0848531 0.0565682 0.0565688 0.0400002 0.0424263 0.0599998 0.0900002 0.05 0.05 0.0353553 0.0494978 0.0777816 0.106066 0.14 0.13 0.14 0.12 0.0848526 0.0848526 0.0989951 0.0919241 0.113137 0.113137 0.120208 0.141421 0.141421 0.14 0.14
-1 -1 0.0353553 0.0353553 0.0600006 0.0699997 0.05 0.05 0.05 0.0699997 0.1 0.0800003 0.0699997 0.110001 0.14 0.0424263 0.0400002 0.05 0.0707107 0.0848526 0.106066 0.113138 0.106066 0.0800003 0.1 0.110001 0.1 0.1 0.0799995 0.0900002 0.0699997 0.0707107 0.0919241 0.127279 0.176777 0.15 0.14 0.1 0.11 0.14 0.13 0.106066 0.0919241 0.0494973 0.0494978 0.0300003 0.0424263 0.0900002 0.0900002 0.0599998 0.05 0.05 0.0494973 0.0777816 0.0848526 0.0777816 0.0900002 0.0900002 0.0777816 0.0919241 0.0919241 0.0919241 0.106066 0.141421 0.13435 0.127279 0.13435 0.120208 0.13 0.12
-1 0.0399994 0.0353553 0.0494973 0.0707107 0.0699997 0.0699997 0.0353553 0.05 0.0848526 0.12 0.0848526 0.0707112 0.0900002 0.11 0.0353553 0.0699997 0.0900002 0.0919241 0.0989951 0.106067 0.0989951 0.0848526 0.0899994 0.0800003 0.1 0.12 0.110001 0.12 0.0900002 0.100001 0.0900002 0.1 0.13435 0.169706 0.141421 0.11 0.11 0.11 0.11 0.1 0.1 0.0777816 0.0900002 0.0636397 0.05 0.0424263 0.0777816 0.1 0.0900002 0.0599998 0.05 0.0707107 0.0800003 0.0699997 0.0494978 0.0565688 0.0707107 0.0989951 0.0900002 0.0777816 0.106066 0.141421 0.148492 0.120208 0.113137 0.120208 0.113137 0.13 0.1
0.0212134 0.0353553 0.05 0.0565688 0.0707107 0.0707107 0.0707107 0.0636392 0.0707107 0.113138 0.127279 0.0989951 0.0500008 0.0599998 0.0777816 0.11 0.0900002 0.0900002 0.0777816 0.0919241 0.113137 0.106066 0.0919241 0.0800003 0.1 0.12 0.13 0.17 0.18 0.22 0.2 0.19 0.17 0.160001 0.205061 0.24 0.28 0.24 0.19 0.18 0.16 0.15 0.14 0.11 0.1 0.0707107 0.0707107 0.0919241 0.113137 0.11 0.0800003 0.0599998 0.1 0.0599998 0.0800003 0.05 0.05 0.0777816 0.0777816 0.0777816 0.113137 0.141421 0.141421 0.120208 0.106066 0.120208 0.113137 0.1 0.1 0.12
0.0494973 0.0707107 0.0777822 0.0919241 0.0989945 0.0707107 0.0565688 0.0707107 0.0777822 0.127279 0.13435 0.0700005 0.0199997 0.0282844 0.0400002 0.0599998 0.0900002 0.0800003 0.110001 0.127279 0.141421 0.113138 0.0989945 0.1 0.0899994 0.0800003 0.1 0.12 0.139999 0.15 0.17 0.2 0.210001 0.22 0.23 0.25 0.25 0.28 0.28 0.26 0.22 0.18 0.160001 0.14 0.11 0.1 0.0900002 0.0919241 0.11 0.14 0.0900002 0.0599998 0.0900002 0.0699997 0.0800003 0.0599998 0.0636397 0.0900002 0.0777816 0.0989951 0.141421 0.141421 0.113137 0.0989951 0.0919241 0.0989951 0.0848526 0.0919241 0.1 0.0900002
0.0707107 0.0848526 0.106066 0.120208 0.1 0.0707107 0.0707107 0.0848526 0.0919241 0.12 0.12 0.0199997 0 0.00999985 0.05 0.0700005 0.0900002 0.12 0.120208 0.141421 0.127279 0.106066 0.0848526 0.0800003 0.0800003 0.1 0.1 0.1 0.110001 0.110001 0.15 0.15 0.17 0.2 0.22 0.25 0.28 0.28 0.28 0.25 0.239999 0.2 0.17 0.14 0.113138 0.113138 0.113137 0.106066 0.14 0.15 0.1 0.0699997 0.0900002 0.0699997 0.0800003 0.05 0.0900002 0.0799995 0.0900002 0.0919241 0.141421 0.0989951 0.0707107 0.0848531 0.0777816 0.0900002 0.0777816 0.0900002 0.0900002 0.0707107
0.0848526 0.106066 0.127279 0.113138 0.0800003 0.0699997 0.0565688 0.0848526 0.0919241 0.0848526 0.0900002 0.0199997 0 0.0599998 0.0777822 0.0848531 0.106066 0.106066 0.120208 0.120208 0.0989945 0.0848526 0.0800003 0.0899994 0.1 0.1 0.1 0.0800003 0.1 0.12 0.13 0.15 0.17 0.18 0.18 0.18 0.189999 0.2 0.189999 0.160001 0.162635 0.17 0.17 0.155563 0.139999 0.113138 0.127279 0.13 0.14 0.16 0.12 0.0699997 0.0900002 0.0699997 0.0800003 0.0599998 0.0900002 0.0699997 0.0800003 0.14 0.15 0.05 0.0424263 0.0700005 0.0707107 0.0707107 0.0800003 0.0707107 0.0800003 0.0900002
0.106066 0.127279 0.127279 0.0919241 0.0636392 0.0699997 0.05 0.0699997 0.0800003 0.0699997 0.0500008 0.0141419 0.0599998 0.113137 0.113138 0.106066 0.120208 0.0919241 0.0919241 0.0777822 0.0777822 0.0707107 0.0707107 0.0848526 0.0800003 0.1 0.1 0.13 0.12 0.13 0.139999 0.13 0.13 0.12 0.12 0.139999 0.13 0.15 0.176777 0.17 0.127279 0.113138 0.127279 0.141421 0.155563 0.141421 0.150001 0.16 0.15 0.17 0.13 0.0599998 0.0900002 0.0699997 0.0700005 0.0599998 0.0900002 0.0699997 0.1 0.14 0.12 0.0800003 0.05 0.05 0.0900002 0.0599998 0.0707107 0.0800003 0.0699997 0.0700005
0.120208 0.120208 0.0848526 0.0636392 0.0399994 0 0.0100006 0.0399994 0.0565688 0.0707107 0.0707112 0.150001 0.210001 0.183848 0.141421 0.120208 0.106066 0.1 0.0989945 0.0848526 0.0848526 0.0707107 0.0800003 0.106066 0.12 0.106066 0.13 0.12 0.13 0.139999 0.13 0.139999 0.13 0.13 0.15 0.13 0.15 0.15 0.176777 0.233345 0.23 0.139999 0.113138 0.120208 0.127279 0.15 0.15 0.17 0.18 0.17 0.13 0.0599998 0.0707107 0.0800003 0.0636397 0.0707107 0.0848531 0.11 0.11 0.13 0.12 0.0565688 0.0565688 0.0800003 0.1 0.0599998 0.0900002 0.0599998 0.0800003 0.0599998
0.106066 0.1 0.05 0.05 0 0 0.0100006 0.0282838 0.0494973 0.106066 0.2 0.22 0.190919 0.15 0.13 0.12 0.1 0.0848526 0.0707107 0.0707107 0.0707107 0.0899994 0.120208 0.141421 0.13 0.139999 0.120208 0.13 0.139999 0.13 0.15 0.160001 0.17 0.17 0.13 0.13 0.1 0.1 0.1 0.141421 0.233345 0.28 0.17 0.120208 0.120208 0.155563 0.17 0.17 0.19 0.19 0.13 0.0800003 0.05 0.0707107 0.0636397 0.0848526 0.1 0.14 0.1 0.106066 0.141421 0.0848526 0.0707107 0.11 0.0900002 0.0699997 0.0900002 0.0699997 0.0800003 0.05
