src/plugins/pihm_gis/RasterProcessing/RunAllRaster/dummy
ncols         361
nrows         419
xllcenter     431330.000000
yllcenter     4412005.000000
cellsize      10.000000
nodata_value  -1
[rows 372 to 402 of 419, columns 140 to 209 of 361]
0.11 0.1 0.1 0.11 0.14 0.113137 0.14 0.16 0.14 0.11 0.12 0.15 0.15 0.14 0.13 0.0707107 0.0424263 0.0494973 0.0424263 0.0353553 0.0199997 0.0199997 0.0199997 0.0199997 0.0141419 0.00707096 0 0.0300003 0.1 0.0565688 0.0900002 0.0989951 0.0989951 0.05 0.0282844 0.00707096 0.05 0.05 0.0800003 0.13 0.14 0.141421 0.13435 0.0919241 0.05 0.05 0.0353553 0.0141419 0.0400002 0.0599998 0.12 0.0282844 0.0400002 0.0700005 0.1 0.120208 0.141421 0.13435 0.106066 0.1 0.1 0.0919241 0.0707107 0.12 0.13435 0.127279 0.0777816 0.0900002 0.113137 0.190919
0.13 0.1 0.11 0.11 0.17 0.127279 0.13 0.13 0.13 0.14 0.11 0.15 0.14 0.15 0.12 0.0800003 0.0494973 0.0636397 0.0565688 0.05 0.0300003 0.0212134 0.0141425 0 0.00999985 0.0199997 0.0400002 0.0353553 0.05 0.0300003 0.0199997 0.0599998 0.0800003 0.0424263 0.0300003 0.0141419 0.0300003 0.00999985 0.00999985 0.00999985 0.0400002 0.0599998 0.0900002 0.0800003 0.0199997 0.00999985 0.0300003 0.00999985 0.05 0.14 0.127279 0.0800003 0.0777816 0.11 0.127279 0.148492 0.141421 0.127279 0.120208 0.16 0.17 0.0636397 0.05 0.0919241 0.113137 0.113137 0.14 0.15 0.120208 0.127279
0.13 0.11 0.13 0.12 0.18 0.13 0.120208 0.12 0.13 0.11 0.14 0.12 0.14 0.16 0.14 0.05 0.0707107 0.0636397 0.0400002 0 0 0.00999985 0.0200005 0.0299995 0.0699997 0.0900002 0.0707107 0.0599998 0.0565688 0.0353553 0.0212129 0.0400002 0.05 0.05 0.0300003 0.0199997 0.0300003 0.00999985 0.00999985 0.00999985 0.0400002 0.0800003 0.0699997 0.0800003 0.0299995 0.0400002 0.0565688 0.0900002 0.13 0.148492 0.113137 0.0777816 0.1 0.13435 0.148492 0.13435 0.106066 0.120208 0.120208 0.127279 0.106066 0.0800003 0.05 0.106066 0.2 0.141421 0.1 0.0799995 0.0424263 0.0565688
0.120208 0.148492 0.13435 0.141421 0.17 0.14 0.13 0.11 0.11 0.13 0.113137 0.14 0.13 0.18 0.11 0.0636397 0.0800003 0.05 0.00999985 0.00707096 0.00999985 0.0212134 0.0599998 0.12 0.106066 0.0848531 0.0700005 0.0700005 0.05 0.0353553 0.0400002 0.0494978 0.0424263 0.0400002 0.0400002 0.0141419 0.0400002 0.0141419 0.0300003 0.0400002 0.0636397 0.0919241 0.0848526 0.0777816 0.0494973 0.0636397 0.0707107 0.0989951 0.120208 0.120208 0.106066 0.0919241 0.106066 0.127279 0.106066 0.0919241 0.0989951 0.106066 0.106066 0.0989951 0.0919236 0.12 0.19 0.28 0.247487 0.12 0.11 0.1 0.0699997 0.0848526
0.120208 0.169706 0.13435 0.127279 0.16 0.13 0.120208 0.120208 0.113137 0.113137 0.14 0.113137 0.169706 0.19 0.0900002 0.0599998 0.0636397 0.05 0.00999985 0.0141419 0.0300003 0.0282844 0.0900002 0.0777816 0.0353553 0.0282844 0.0199997 0.0299995 0.0299995 0.0299995 0.0424263 0.0353553 0.0424263 0.0282844 0.05 0.0141419 0.0300003 0.0400002 0.0353553 0.05 0.0919241 0.106066 0.106066 0.0919241 0.0707107 0.0777816 0.0919241 0.106066 0.106066 0.106066 0.0989951 0.0989951 0.106066 0.106066 0.0989951 0.106066 0.0848526 0.0848526 0.0989951 0.0848526 0.0900002 0.15 0.2 0.219203 0.155563 0.18 0.15 0.15 0.17 0.17
0.0919236 0.14 0.1 0.113137 0.13 0.15 0.13435 0.120208 0.113137 0.120208 0.14 0.141421 0.205061 0.15 0.0636397 0.0636397 0.0700005 0.0299995 0 0.0199997 0.0300003 0.0299995 0.0900002 0.05 0.0353553 0.0400002 0.0282844 0.0141419 0.0300003 0.0400002 0.0282844 0.0300003 0.0353553 0.0300003 0.0353553 0.0400002 0.0353553 0.0424263 0.0424263 0.0777816 0.106066 0.113137 0.106066 0.0777816 0.0707107 0.0848531 0.0919241 0.0848526 0.0989951 0.113137 0.0989951 0.0848526 0.106066 0.106066 0.106066 0.0848526 0.0919241 0.0919241 0.0989951 0.0777816 0.0777816 0.106066 0.141421 0.148492 0.141421 0.11 0.15 0.15 0.13 0.0848526
0.1 0.1 0.13 0.12 0.13435 0.15 0.14 0.113137 0.113137 0.13435 0.155564 0.190919 0.2 0.0900002 0.05 0.0599998 0.05 0.0199997 0 0.00999985 0.0400002 0.05 0.05 0.0299995 0.0400002 0.0353553 0.0300003 0.0353553 0.0300003 0.0141419 0.0400002 0.0353553 0.0353553 0.0353553 0.0353553 0.0353553 0.0300003 0.0282844 0.0800003 0.0848526 0.106066 0.106066 0.0777816 0.0636397 0.0707107 0.0777816 0.0848526 0.0848526 0.127279 0.13435 0.113137 0.106066 0.120208 0.106066 0.0919236 0.0919241 0.0989951 0.0848526 0.0848526 0.0777816 0.106066 0.13435 0.141421 0.141421 0.141421 0.14 0.19 0.2 0.19 0.19
0.106066 0.113137 0.14 0.120208 0.162635 0.15 0.13435 0.120208 0.120208 0.148492 0.183848 0.219203 0.13 0.0636397 0.0636397 0.05 0.05 0.0282844 0.0200005 0.0200005 0.05 0.0599998 0.05 0.0141419 0.00999985 0.0400002 0.0212129 0.0400002 0.0353553 0.0299995 0.0400002 0.0400002 0.0353553 0.0353553 0.0353553 0.0353553 0.0353553 0.05 0.0919241 0.0919236 0.106066 0.0848531 0.0565688 0.0565688 0.0707107 0.0777816 0.0989951 0.127279 0.162635 0.127279 0.113137 0.106066 0.113137 0.113137 0.0989951 0.0989951 0.0848526 0.0777816 0.0777816 0.106066 0.127279 0.141421 0.141421 0.141421 0.141421 0.127279 0.0848531 0.113138 0.13 0.11
0.113137 0.127279 0.13 0.141421 0.18 0.148492 0.141421 0.13435 0.13435 0.162635 0.205061 0.2 0.05 0.0424263 0.05 0.0353553 0.0300003 0.0400002 0.00707096 0.00999985 0.0700005 0.0799995 0.05 0.0400002 0.0300003 0.0141425 0.0199997 0.0300003 0.05 0.0599998 0.0353553 0.0400002 0.0141419 0.0400002 0.0353553 0.0353553 0.05 0.0777816 0.106066 0.0848526 0.0707107 0.0900002 0.05 0.0599998 0.0707107 0.0777816 0.106066 0.155563 0.141421 0.113137 0.106066 0.0989951 0.0989951 0.0989951 0.0777816 0.0777816 0.0707107 0.0777816 0.0989951 0.120208 0.127279 0.13435 0.113137 0.113137 0.113138 0.0777822 0.0565688 0.0565688 0.0707107 0.0777822
0.113137 0.13 0.120208 0.162634 0.162634 0.155563 0.141421 0.13435 0.127279 0.155563 0.2 0.12 0.0565688 0.0565688 0.0424263 0.0400002 0.0212129 0.0300003 0.00999985 0 0.1 0.11 0.0707107 0.0494978 0.0212129 0.0199997 0.0141419 0.0400002 0.0599998 0.05 0.0400002 0.0353553 0.0300003 0.0353553 0.0400002 0.0424263 0.0919241 0.113137 0.127279 0.0919241 0.0707107 0.0707107 0.0900002 0.0707107 0.0636397 0.11 0.141421 0.148492 0.106066 0.106066 0.0989951 0.0989951 0.0848526 0.0777816 0.0707107 0.0707107 0.0777816 0.106066 0.127279 0.13435 0.120208 0.113137 0.106066 0.0989951 0.1 0.0707107 0.0707107 0.0699997 0.0848526 0.1
0.106066 0.127279 0.155563 0.19799 0.176777 0.169706 0.141421 0.13435 0.13435 0.169706 0.18 0.1 0.05 0.05 0.0353553 0.0494978 0.0400002 0.0300003 0.00999985 0.00707096 0.13 0.12 0.0565688 0.0282844 0.05 0.0599998 0.0599998 0.0636397 0.0636397 0.0636397 0.0424263 0.0353553 0.0282844 0.0400002 0.0353553 0.0900002 0.13435 0.127279 0.106066 0.0777816 0.0800003 0.0919241 0.0848531 0.0565688 0.0707107 0.13 0.141421 0.127279 0.106066 0.106066 0.0848526 0.0848526 0.0777816 0.0777816 0.0777816 0.0777816 0.106066 0.13435 0.13435 0.120208 0.113137 0.106066 0.0848526 0.0800003 0.0777822 0.0899994 0.0707107 0.0699997 0.0800003 0.1
0.106066 0.141421 0.205061 0.19799 0.162634 0.162635 0.13435 0.13435 0.148492 0.183848 0.14 0.0707107 0.0707107 0.0636397 0.0494978 0.0424263 0.0353553 0.0400002 0.0212134 0.0400002 0.12 0.1 0.05 0.0212129 0.0300003 0.0400002 0.0700005 0.0636397 0.0777816 0.0707107 0.0424263 0.0282844 0.0300003 0.0353553 0.1 0.155564 0.162635 0.106066 0.0848531 0.0636397 0.0636397 0.0707107 0.0565682 0.0494973 0.1 0.15 0.141421 0.13435 0.120208 0.106066 0.0777816 0.0919241 0.0848531 0.0848531 0.0848531 0.0989951 0.13435 0.141421 0.13435 0.113137 0.0989951 0.0777816 0.0707107 0.0848531 0.0848531 0.106066 0.0777822 0.0707107 0.0699997 0.0699997
0.120208 0.19799 0.212132 0.183848 0.155563 0.13435 0.120208 0.141421 0.169706 0.16 0.0919241 0.0707107 0.0777816 0.0636397 0.0424263 0.0424263 0.0400002 0.00707096 0.0400002 0.05 0.11 0.0800003 0.0494978 0.0353553 0.0300003 0.0400002 0.0424263 0.05 0.0636397 0.0424263 0.0353553 0.05 0.0353553 0.0900002 0.169706 0.169706 0.113137 0.0777816 0.0777816 0.0800003 0.0707107 0.0636397 0.0494973 0.0848531 0.13435 0.141421 0.15 0.148492 0.113137 0.0919241 0.0848531 0.0919241 0.0777816 0.0777816 0.106066 0.141421 0.162635 0.141421 0.127279 0.106066 0.0989951 0.0919241 0.0919241 0.0919241 0.106066 0.106066 0.0707107 0.0707107 0.05 0.05
0.19799 0.233345 0.183848 0.176777 0.13435 0.127279 0.13435 0.155564 0.176777 0.12 0.0700005 0.0707107 0.0707107 0.0636397 0.05 0.0300003 0 0.0400002 0.0353553 0.0700005 0.0707107 0.0599998 0.05 0.0400002 0.0400002 0.05 0.0599998 0.0636397 0.0707107 0.05 0.05 0.05 0.1 0.169706 0.183848 0.113137 0.0777816 0.0777816 0.0777816 0.0707107 0.0599998 0.0707107 0.1 0.13435 0.148492 0.141421 0.183848 0.148492 0.0989951 0.0848531 0.0707107 0.0777816 0.0777816 0.113137 0.148492 0.155563 0.141421 0.120208 0.113137 0.0919236 0.0848531 0.0848531 0.0919241 0.106066 0.120208 0.0919241 0.0707107 0.0636392 0.05 0.05
0.190919 0.176777 0.148492 0.14 0.0900002 0.106066 0.113137 0.14 0.16 0.05 0.0599998 0.0800003 0.0599998 0.05 0.00999985 0.00707096 0 0.05 0.0300003 0.05 0.0699997 0.05 0.05 0.05 0.0353553 0.0599998 0.0707107 0.0800003 0.0636397 0.05 0.0699997 0.1 0.13 0.162635 0.106066 0.0707107 0.0707107 0.0707107 0.0707107 0.0707107 0.0900002 0.1 0.13 0.141421 0.13435 0.155563 0.183848 0.0636397 0.0777816 0.113137 0.0800003 0.0848526 0.113137 0.148492 0.148492 0.141421 0.13435 0.120208 0.113138 0.106067 0.106067 0.0989945 0.0989945 0.0989945 0.0919241 0.0777822 0.0707107 0.0636392 0.0424268 0.05
0.141421 0.13435 0.113137 0.0900002 0.0707107 0.12 0.11 0.14 0.11 0.0599998 0.05 0.0900002 0.0707107 0.0400002 0.00999985 0.0141419 0.00999985 0.0400002 0.0400002 0.0400002 0.0599998 0.05 0.0565688 0.0494978 0.0424263 0.05 0.1 0.0900002 0.05 0.05 0.0565688 0.0707107 0.0919241 0.0848526 0.0599998 0.0700005 0.0707107 0.0707107 0.0919241 0.0989951 0.106066 0.106066 0.127279 0.106066 0.0989951 0.127279 0.0777816 0.0494973 0.05 0.2 0.0919241 0.113137 0.169706 0.169706 0.155564 0.155564 0.141421 0.120208 0.113138 0.0989945 0.0989945 0.0848526 0.0919241 0.0777822 0.0777822 0.0707107 0.0707107 0.0494973 0.05 0.05
0.13 0.11 0.1 0.0599998 0.0800003 0.0900002 0.1 0.11 0.11 0.0800003 0.0599998 0.11 0.0900002 0.0282844 0.0200005 0.0282844 0.0300003 0.0353553 0.0300003 0.0400002 0.0565688 0.0424263 0.05 0.0424263 0.05 0.0636397 0.1 0.0919241 0.0707107 0.0707107 0.0636397 0.0900002 0.0707107 0.0800003 0.0636397 0.0636397 0.0599998 0.0900002 0.0989951 0.0919236 0.106066 0.0989951 0.0777816 0.0599998 0.12 0.113137 0.0919241 0.05 0.0599998 0.29 0.141421 0.169706 0.176777 0.148492 0.141421 0.127279 0.106066 0.0919241 0.0989945 0.1 0.0919241 0.0800003 0.0848526 0.0707107 0.0707107 0.0707107 0.0636392 0.05 0.0565688 0.0699997
0.13 0.11 0.0699997 0.05 0.0565688 0.0848531 0.106066 0.141421 0.148492 0.13 0.0900002 0.11 0.1 0.0400002 0.00999985 0.0400002 0.0400002 0.0141419 0.0300003 0.0282844 0.05 0.05 0.0565688 0.0565688 0.0424263 0.0700005 0.0848526 0.1 0.0707107 0.0707107 0.0989951 0.1 0.0800003 0.0636397 0.0599998 0.0800003 0.0707107 0.0848531 0.12 0.113137 0.0989951 0.0636397 0.05 0.05 0.0400002 0.0777816 0.15 0.0800003 0.23 0.282843 0.155563 0.169706 0.148492 0.13435 0.127279 0.0989951 0.0989945 0.0919241 0.106066 0.0919241 0.0800003 0.0707107 0.0707107 0.0707107 0.0707107 0.0707107 0.0636392 0.0565688 0.0565688 0.0494973
0.0636397 0.0989951 0.0848526 0.0777816 0.0848526 0.106066 0.13435 0.176777 0.190919 0.205061 0.14 0.113137 0.11 0.0900002 0 0.05 0.0300003 0.0199997 0.0212129 0.0424263 0.0494978 0.0424263 0.0424263 0.05 0.0565688 0.0565688 0.0799995 0.0989951 0.0777816 0.0707107 0.12 0.11 0.0900002 0.0699997 0.0599998 0.0900002 0.0599998 0.12 0.13 0.120208 0.2 0.2 0.14 0.0919241 0.0282844 0.0699997 0.24 0.2 0.261629 0.19799 0.148492 0.148492 0.120208 0.120208 0.0989951 0.0848526 0.0919241 0.0919241 0.0848526 0.0707107 0.0565688 0.0699997 0.0707107 0.0707107 0.0565688 0.0565688 0.0636392 0.0565688 0.0494973 -1
0.0989951 0.141421 0.15 0.19 0.23 0.28 0.32 0.25 0.219203 0.247487 0.26 0.13 0.12 0.13 0 0.0400002 0.0565688 0.0300003 0.0400002 0.0424263 0.05 0.0636397 0.0565688 0.0424263 0.0424263 0.05 0.0599998 0.0900002 0.0777816 0.0800003 0.1 0.127279 0.1 0.0900002 0.0900002 0.0707107 0.0800003 0.0707107 0.17 0.26 0.23 0.13435 0.0919236 0.0900002 0.0599998 0.19 0.26163 0.240416 0.205061 0.141421 0.13435 0.13435 0.13435 0.106067 0.0848526 0.0848526 0.0777822 0.0707107 0.0707107 0.0707107 0.0707107 0.0707107 0.0707107 0.0565688 0.0699997 0.0565688 0.0494973 -1 -1 -1
0.15 0.2 0.26 0.27 0.27 0.27 0.247487 0.282843 0.254558 0.219203 0.261629 0.2 0.15 0.12 0.0353553 0.0199997 0.0599998 0.05 0.0400002 0.0494978 0.0353553 0.05 0.0636397 0.0565688 0.0494978 0.0565688 0.0565688 0.0707107 0.0900002 0.0707107 0.0800003 0.15 0.120208 0.0919241 0.0919241 0.106066 0.0777816 0.17 0.17 0.13 0.0353553 0.0800003 0.1 0.17 0.19 0.275772 0.240416 0.183848 0.15 0.120208 0.141421 0.120208 0.0989951 0.0800003 0.0707107 0.0707107 0.0707107 0.0707107 0.0707107 0.0707107 0.0707107 0.0565688 0.0707107 0.0699997 0.0494973 -1 -1 -1 -1 -1
0.22 0.28 0.35 0.36 0.3 0.23 0.183848 0.240416 0.247487 0.23 0.24 0.25 0.15 0.14 0.0699997 0 0.0282844 0.05 0.0424263 0.05 0.0565688 0.0424263 0.05 0.05 0.0424263 0.05 0.05 0.0800003 0.0707107 0.0800003 0.0707107 0.13 0.13 0.106066 0.0989951 0.162635 0.3 0.26 0.162634 0.106066 0.0565688 0.0699997 0.28 0.226274 0.268701 0.212132 0.141421 0.15 0.15 0.13435 0.13435 0.113138 0.0919241 0.0848526 0.0707107 0.0707107 0.0707107 0.0707107 0.0707107 0.0848526 0.0707107 -1 -1 -1 -1 -1 -1 -1 -1 -1
0.29 0.28 0.25 0.23 0.2 0.190919 0.169706 0.23 0.25 0.26 0.25 0.23 0.120208 0.141421 0.106066 0.0599998 0.0300003 0.00707096 0.0400002 0.05 0.0707107 0.0636397 0.0565688 0.0565688 0.0565688 0.0636397 0.0565688 0.0599998 0.0800003 0.0707107 0.0707107 0.12 0.120208 0.13 0.21 0.28 0.15 0.0848531 0.0848526 0.1 0.15 0.24 0.304056 0.212132 0.19799 0.113137 0.113137 0.15 0.15 0.14 0.120208 0.106066 0.0707107 0.0707107 0.0565688 0.0699997 0.0707107 0.0707107 0.0800003 -1 -1 -1 -1 -1 -1 -1 -1 -1 -1 -1
0.24 0.23 0.19 0.162635 0.120208 0.16 0.2 0.24 0.28 0.27 0.21 0.169706 0.141421 0.141421 0.120208 0.106066 0.1 0.05 0.00707096 0.0199997 0.0599998 0.0707107 0.05 0.05 0.0424263 0.0599998 0.0700005 0.0636397 0.0636397 0.0599998 0.0900002 0.0919241 0.0919236 0.15 0.14 0.1 0.113137 0.106066 0.0799995 0.24 0.219203 0.275772 0.190919 0.155563 0.141421 0.120208 0.120208 0.15 0.141421 0.13 0.12 0.0777822 0.0699997 0.0699997 0.0600006 0.0707107 0.0565688 -1 -1 -1 -1 -1 -1 -1 -1 -1 -1 -1 -1 -1
0.190919 0.15 0.14 0.11 0.11 0.19799 0.27 0.2 0.3 0.18 0.176777 0.162635 0.148492 0.141421 0.120208 0.0848526 0.106066 0.0777816 0.05 0 0.0299995 0.0900002 0.0707107 0.0424263 0.0565688 0.0707107 0.0636397 0.0599998 0.0700005 0.0636397 0.0707107 0.0989951 0.0919241 0.0599998 0.0599998 0.0424263 0.0800003 0.17 0.18 0.268701 0.247487 0.205061 0.120208 0.14 0.14 0.120208 0.14 0.155564 0.13435 0.113137 0.100001 0.0699997 0.0800003 -1 -1 -1 -1 -1 -1 -1 -1 -1 -1 -1 -1 -1 -1 -1 -1 -1
0.19799 0.14 0.23 0.11 0.14 0.25 0.24 0.18 0.18 0.176777 0.212132 0.190919 0.162635 0.14 0.106066 0.0848526 0.1 0.0900002 0.05 0.0199997 0 0.0699997 0.106066 0.0565682 0.0494973 0.0707107 0.0707107 0.0707107 0.0636397 0.0599998 0.0900002 0.106066 0.0989951 0.0636397 0.00707096 0.0400002 0.0699997 0.26 0.27 0.247487 0.183848 0.14 0.11 0.15 0.15 0.120208 0.13435 0.120208 0.12 -1 -1 -1 -1 -1 -1 -1 -1 -1 -1 -1 -1 -1 -1 -1 -1 -1 -1 -1 -1 -1
0.0848526 0.106066 0.28 0.13 0.15 0.29 0.15 0.18 0.148492 0.19799 0.26163 0.226274 0.183848 0.162635 0.120208 0.106066 0.113137 0.106066 0.0777816 0.0699997 0.0212134 0.0300003 0.1 0.0989951 0.0707107 0.0848531 0.0848526 0.0777816 0.0707107 0.0599998 0.05 0.0707107 0.0777816 0.0707107 0.0299995 0.0700005 0.17 0.254558 0.233345 -1 -1 -1 -1 -1 -1 -1 -1 -1 -1 -1 -1 -1 -1 -1 -1 -1 -1 -1 -1 -1 -1 -1 -1 -1 -1 -1 -1 -1 -1 -1
0.0565682 0.12 0.23 0.16 0.17 0.18 0.148492 0.205061 0.22 0.176777 0.26163 0.247487 0.25 0.155563 0.155563 0.162635 0.141421 0.13435 0.106066 0.0919236 0.0900002 0.00707096 0.05 0.0848526 0.0848526 0.0848531 0.0777816 0.0919241 0.0707107 0.0494978 0.0424263 0.0636397 0.0848531 0.11 0.0599998 0.1 0.155563 -1 -1 -1 -1 -1 -1 -1 -1 -1 -1 -1 -1 -1 -1 -1 -1 -1 -1 -1 -1 -1 -1 -1 -1 -1 -1 -1 -1 -1 -1 -1 -1 -1
0.0699997 0.13 0.2 0.14 0.16 0.141421 0.162635 0.155563 0.162634 0.148492 0.212132 0.247487 0.318198 0.34 0.24 0.240416 0.19799 0.141421 0.13435 0.113137 0.113137 0.0599998 0 0.05 0.0848526 0.0800003 0.0599998 0.0800003 0.0494973 0.0353553 0.0212129 0.05 0.12 0.12 -1 -1 -1 -1 -1 -1 -1 -1 -1 -1 -1 -1 -1 -1 -1 -1 -1 -1 -1 -1 -1 -1 -1 -1 -1 -1 -1 -1 -1 -1 -1 -1 -1 -1 -1 -1
0.0700005 0.12 0.19 0.1 0.141421 0.120208 0.141421 0.169706 0.169706 0.169706 0.176777 0.183848 0.190919 0.247487 0.247487 0.254558 0.268701 0.19799 0.141421 0.13435 0.13435 0.11 0.0141419 0.00999985 0.11 0.0800003 0.0599998 0.0565688 0.0636397 0.0565688 0.0599998 0.0636397 0.0919241 -1 -1 -1 -1 -1 -1 -1 -1 -1 -1 -1 -1 -1 -1 -1 -1 -1 -1 -1 -1 -1 -1 -1 -1 -1 -1 -1 -1 -1 -1 -1 -1 -1 -1 -1 -1 -1
0.05 0.1 0.17 0.0919241 0.106066 0.0989951 0.106066 0.155563 0.183848 0.205061 0.19799 0.176777 0.183848 0.205061 0.240416 0.247487 0.289914 0.282843 0.205061 0.155563 0.162635 0.14 0.0699997 0 0.12 0.0919241 0.0212129 0.05 0.0707107 0.0919241 -1 -1 -1 -1 -1 -1 -1 -1 -1 -1 -1 -1 -1 -1 -1 -1 -1 -1 -1 -1 -1 -1 -1 -1 -1 -1 -1 -1 -1 -1 -1 -1 -1 -1 -1 -1 -1 -1 -1 -1
